0,05
1 - 4 (0,510) 90%
2 - 5 (0,630) 88,33%
3 - 9 (1,139) 80%
4 - 7 (0,944) 78,33%
5 - 7 (0,885) 81,67%
6 - 4 (0,524) 80%
7 - 5 (0,640) 80,83%
8 - 3 (0,383) 80,83%
9 - 6 (0,801) 84,17%
10 - 7 (0,899) 74,17%
3-9 (0,383-1,139) 74,17-90

0,1
1 - 6 (0,761) 85,83%
2 - 8 (1,026) 85%
3 - 5 (0,639) 89,17%
4 - 5 (0,660) 93,33%
5 - 5 (0,629) 82,5%
6 - 5 (0,630) 84,17%
7 - 6 (0,758) 92,5%
8 - 7 (0,899) 91,67%
9 - 7 (0,954) 91,67%
10 - 4 (0,546) 82,5%
4-8 (0,546-1,026) 82,5-93,33 

0,15
1 - 8 (1,046) 83,33
2 - 5 (0,641) 90,83
3 - 6 (0,752) 88,33
4 - 7 (0,881) 85
5 - 10 (1,242) 85,83
6 - 6 (0,769) 92,5
7 - 6 (0,785) 86,67
8 - 7 (0,882) 89,17
9 - 5 (0,636) 89,17
10 - 8 (1,047) 90
5-10 (0,636-1,242) 83,33-92,5

0,20
1 - 5 (0,641) 81,67
2 - 7 (0,885) 80
3 - 6 (0,785) 91,67
4 - 5 (0,663) 91,67
5 - 6 (0,769) 90
6 - 9 (1,122) 95
7 - 7 (0,877) 93,33
8 - 7 (0,890) 86,67
9 - 5 (0,625) 82,5
10 - 8 (1.013) 87.5
5-9 (0.625-1.122) 80 - 95

0,25
1 - 7 (0.916) 88.33
2 - 4 (0.510) 87.5
3 - 7 (0.909) 90
4 - 6 (0,759) 91,67
5 - 6 (0,757) 98,33
6 - 7 (0,882) 92,5
7 - 8 (1,016) 95
8 - 7 (0,907) 91,67
9 - 5 (0,633) 91,67
10 - 7 (0,882) 88,33
4-8 (0,510-1,016) 88,33 - 98,33

0,30
1 - 12 (1,492) 92,5
2 - 4 (0,510) 89,17
3 - 6 (0,762) 87,5
4 - 9 (1,147) 95
5 - 8 (1,012) 85
6 - 7 (0,891) 85,83
7 - 5 (0,668) 90,83
8 - 6 (0,754) 85,83
9 - 7 (0,910) 84,17
10 - 4 (0,504) 95
4-12 (0,504-1,492) 84,17 - 95

0,40
1 - 8 (1,022) 90,83
2 - 7 (0,880) 90,83
3 - 7 (0,883) 85
4 - 4 (0,508) 78,33
5 - 6 (0,763) 87,5
6 - 5 (0,634) 88,33
7 - 7 (0,897) 90
8 - 4 (0,511) 84,17
9 - 6 (0,794) 86,67
10 - 7 (0,888) 80
4-8 (0,511-1,022) 78,33 - 90,83

0,50
1 - 7 (0,893) 85
2 - 7 (0,894) 89,17
3 - 11 (1,391) 90
4 - 7 (0,902) 85,83
5 - 6 (0,765) 85
6 - 9 (1,144) 89,17
7 - 9 (1,138) 93,33
8 - 7 (0,896) 93,33
9 - 8 (1,038) 92,5
10 - 7 (0,904) 89,17
6-11 (0,765-1,391) 85 - 93,33

1
1 - 6 (0,760) 88,33
2 - 10 (1,285) 92,5
3 - 6 (0,765) 91,67
4 - 6 (0,757) 92,5
5 - 8 (1,037) 97,5
6 - 11 (1,462) 91,67
7 - 5 (0,637) 85,83
8 - 7 (0,924) 92,5
9 - 5 (0,659) 78,33
10 - 6 (0,797) 84,17
5-11 (0,637-1,462) 78,33 - 92,5