-0,06
0,29
-0,29
0,01
-0,18
-0,09
-0,29
0,27
0,23
-0,19
-0,16
0,06
0,15
0
0,11
0,15
0,07
0,21
0,15
0,17
0,26
0,06
-0,22
-0,25
0,03
0,02
0,26
-0,06
-0,16
0,21
0,16
0,13
-0,01
-0,05
-0,23
-0,08
-0,17
-0,1
-0,18
0,27
-0,21
-0,16
0,04
-0,19
-0,13
-0,16
-0,09
-0,27
-0,15
-0,3
0,12
0,14
0,01
0,25
0,21
0,17
0,2
0,26
0,28
0,1
-0,06
0,07
0,13
-0,28
-0,05
0,01
-0,23
-0,11
-0,07
-0,11
0,02
-0,13
0,09
0,18
0,08
0,11
-0,29
0,27
0,17
-0,12
-0,19
0,23
-0,22
-0,17
-0,21
-0,28
-0,19
0,04
0,04
-0,11
0,01
-0,13
-0,09
0,01
0,02
0,02
0,01
0,02
0,16
0,16
-0,23
-0,29
0,1
0,26
-0,03
-0,06
-0,26
0,12
-0,14
-0,21
0,16
0,23
-0,22
0,1
-0,02
0,01
-0,01
-0,01
0,23
-0,08
-0,11
0,03
0,14
-0,27
0,17
-0,15
0,25
-0,23
-0,15
-0,25
-0,2
-0,01
-0,19
-0,29
-0,2
-0,21
-0,17
-0,19
0,16
0,14
0,27
-0,02
-0,13
-0,05
0,03
0,08
-0,22
0,11
-0,27
-0,29
-0,27
-0,29
0,08
-0,07
-0,04
0,04
-0,13
0,06
-0,22
-0,19
-0,01
0,26
-0,03
-0,19
0,28
-0,14
0,12
-0,23
0
-0,11
-0,12
-0,13
0,12
-0,21
-0,06
0,21
-0,15
-0,11
0
-0,22
-0,24
-0,16
-0,26
-0,16
-0,28
-0,21
0,2
0,17
0,05
0,06
0,22
0,06
-0,28
0,04
-0,16
-0,29
-0,29
-0,25
-0,04
-0,14
0,26
-0,29
-0,19
0,14
0,12
0,16
-0,42
-0,31
-0,02000001
-0,25
-0,42
-0,03
-0,55
-0,01000002
-0,56
-0,45
-0,08000001
-0,18
-0,21
0,19
-0,04
0,24
0,02
0,23
-0,04
0,11
-0,16
-0,22
0,24
-0,07
0,19
-0,2
0,22
-0,17
-0,18
-0,25
-0,28
-0,1
0,01
-0,15
0,2
-0,1
0,18
0,29
-0,13
0,24
0
-0,27
-0,01
0,29
-0,22
0,19
0,26
0,07
0,2
-0,29
-0,01
-0,13
-0,13
-0,29
0,02
-0,2
0,05
0,04
0,15
-0,22
-0,26
0,22
0,17
0,29
-0,18
0,02
0,1
0,23
0,28
-0,25
-0,25
0,02
0,06
0,01
-0,5
-0,49
-0,22
-0,05000001
-0,45
-0,01000002
-0,47
-0,45
-0,37
-0,5
-0,24
-0,15
-0,58
-0,3
-0,17
-0,21
0,15
-0,17
-0,17
-0,21
0,2
0,08
-0,15
0
0,16
-0,24
-0,51
-0,5700001
-0,22
-0,16
-0,05000001
-0,33
-0,5
-0,45
-0,1
-0,39
-0,28
-0,2
-0,41
0,16
0,24
0,19
-0,01
0,06
-0,08
-0,03
-0,01
-0,21
-0,21
-0,11
-0,1
0,22
-0,12
-0,04
0,11
0,01
0,25
-0,22
-0,22
0,09
0,2
-0,2
0,06
0,08
-0,16
0,09
-0,26
-0,13
0,09
-0,08
-0,23
-0,26
0,24
-0,03
-0,16
-0,3
-0,21
0,09
-0,23
-0,11
-0,24
0,29
0,23
-0,11
-0,06
-0,27
0,08
-0,16
-0,26
-0,12
-0,05
-0,07
0,02
0,1
0,26
0,14
-0,17
-0,1
-0,39
-0,17
-0,38
-0,78
-0,61
-0,43
-0,78
-0,45
-0,03
-0,1
-0,48
-0,2
-0,38
-0,44
-0,6
-0,12
-0,28
-0,1
-0,44
-0,13
-0,17
-0,19
-0,3
0,2
-0,18
-0,1
-0,03
-0,17
-0,28
-0,47
-0,29
-0,31
-0,43
-0,72
-0,73
-0,67
-0,33
-0,06000002
-0,31
-0,54
-0,53
-0,51
-0,55
0,18
-0,29
-0,07
0,26
-0,21
-0,08
0,13
-0,22
-0,55
-0,33
-0,04000002
-0,23
-0,5
-0,17
-0,29
-0,01000002
-0,52
-0,1
-0,32
-0,18
-0,16
-0,41
-0,18
-0,07000001
-0,27
0,29
0,06
0,21
0,07
-0,1
-0,2
-0,21
-0,26
-0,25
-0,18
0,18
0,19
-0,06
0,18
-0,1
0,19
-0,55
-0,35
-0,58
-0,1
-0,19
-0,54
-0,2
-0,35
-0,06000002
-0,39
-0,44
-0,52
-0,33
-0,39
-0,32
-0,41
-0,61
-0,38
-0,81
-0,44
-0,39
-0,6
-0,45
-0,73
-0,14
-0,28
-0,55
-0,29
-0,17
-0,51
-0,16
-0,59
-0,53
-0,08000001
-0,22
-0,06000002
0,1
-0,28
-0,08
0,22
0,26
-0,04
-0,17
0,29
0,24
0,00999999
0,37
0,13
0,13
-0,00999999
-0,11
0,00999999
0,07999998
-0,26
0,27
0,05000001
0,09
-0,16
-0,56
-0,52
-0,59
-0,21
0,11
0,14
0,06
-0,16
-0,3
-0,26
-0,18
-0,26
-0,21
-0,33
-0,3
-0,43
-0,11
-0,35
-0,13
-0,14
-0,37
-0,45
-0,05000001
-0,39
-0,13
-0,46
-0,1
-0,48
-0,07
0,03
0,24
-0,27
-0,16
0,25
0,28
-0,17
0,2
0,16
0,14
-0,02000001
-0,38
-0,21
-0,6
-0,5700001
-0,6
-0,52
-0,11
-0,08000001
-0,89
-0,7
-0,46
-0,58
-0,42
-0,37
-0,6900001
-0,41
-1,07
-0,5
-0,6900001
-0,63
-0,36
-0,66
-0,4
-0,33
-0,51
-0,51
-0,4
-0,17
-0,32
-0,44
-0,34
-0,5700001
-0,19
-0,12
-0,37
-0,17
-0,46
-0,08000001
-0,1
0,09
-0,06
0,27
-0,2
0,02000001
0,18
-0,08
0,15
0,2
0,34
-0,51
-0,6
-0,5
-0,36
-0,44
-0,5700001
-0,01999998
-0,11
-0,8700001
-0,06999999
-0,09
0,18
-0,24
-0,06
-0,16
0,24
0,11
0,21
-0,01000002
-0,31
-0,23
-0,26
-0,4
-0,4
-0,18
-0,5700001
-0,03
-0,47
-0,13
-0,52
-0,44
-0,36
0,29
-0,21
-0,11
-0,14
-0,14
0,08
-0,06
0,15
0,24
0,54
0,11
0,28
0,58
0,2
-0,13
0,03
-0,34
-0,52
-0,54
-0,29
-0,45
-0,1
-0,34
-0,5600001
-0,51
-0,41
-0,48
-0,78
-0,85
-0,45
-0,89
-0,36
-0,84
-0,33
-0,72
-0,64
-1,16
-0,93
-0,53
-0,8700001
-0,64
-0,76
-0,86
-0,47
-0,67
-0,08000001
-0,39
-0,09000002
-0,15
-0,36
-0,13
-0,22
-0,59
-0,15
-0,52
-0,52
-0,47
0,15
0,07
-0,04
0,26
0,11
0,39
0,39
0,52
0,16
-0,07999998
-0,29
-0,59
-0,39
-0,32
0,28
0,00999999
-0,27
-0,26
-0,29
0,16
-0,47
-0,49
0,16
-0,03
0,2
-0,03
-0,19
-0,02000001
-0,38
-0,07000001
-0,39
-0,12
-0,2
-0,17
-0,72
-0,41
-0,8
-0,83
-0,76
-0,25
-0,35
-0,1
-0,24
0
0,19
0,5
0,24
0,55
0,48
-0,23
0,27
0,11
0,06000002
-0,07999998
0,29
-0,26
-0,1
-0,01000002
-0,84
-0,7600001
-0,63
-0,79
-0,9
-0,97
-0,89
-0,77
-0,6900001
-0,53
-0,8
-0,82
-0,7
-0,34
-0,41
-0,64
-0,7
-0,68
-1,16
-1,04
-1,12
-0,61
-1,18
-0,74
-0,81
-0,75
-0,35
-0,51
-0,49
-0,42
-0,17
-0,16
-0,01000002
-0,49
-0,6
-0,3
-0,23
-0,17
-0,4
-0,17
-0,31
-0,24
-0,02
0,16
0,15
0,4
0,46
0,01000002
1,11
1
0,00999999
0,37
0,29
0,34
0,2
-0,24
0,12
-0,49
-0,29
-0,46
-0,32
-0,39
-0,29
-0,5700001
-0,06
-0,35
-0,21
-0,51
-0,05000001
-1,01
-0,71
-0,54
-0,8800001
-0,9900001
-0,73
-1,19
-0,89
-1,05
-1,2
-0,31
-0,32
-0,06999999
0,18
-0,29
-0,14
-0,24
-0,15
0,24
-0,09999999
0,24
0,18
-0,03999999
-0,18
-0,55
-0,75
-0,53
-0,25
-0,35
-0,38
-0,71
-0,6
-0,53
-0,85
-0,58
-0,6900001
-0,96
-0,8600001
-1,12
-0,44
-0,41
-0,55
-0,64
-0,8
-0,8800001
-0,44
-0,5600001
-0,5700001
-0,91
-0,74
-0,73
-1,1
-0,7600001
-0,72
-1,19
-0,89
-0,67
-0,66
-0,33
-0,54
-0,21
-0,34
-0,55
-0,37
-0,2
-0,02000001
-0,1
-0,12
-0,45
-0,5
-0,09000002
0,01
-0,23
0,08
0,01
0,19
0,22
0,45
0,6900001
0,78
0,7
0,64
0,35
0,98
0,64
0,39
0,7599999
0,79
0,34
0,01000002
-0,01999998
0,29
0,06999999
-0,28
-0,54
-0,37
-0,31
-0,58
-0,00999999
-0,8700001
-0,35
-1,04
-1,63
-1,31
-0,95
-1,35
-1,47
-1,44
-0,73
-0,48
-0,52
-0,23
0,15
0,38
0,25
0,05000001
0,2
0,26
-0,12
0,31
0,12
0,01000002
0,14
-0,16
0,12
0,21
0,24
-0,26
-0,58
-1,13
-0,71
-1,01
-0,75
-1,14
-0,97
-0,36
-1,03
-0,74
-0,77
-0,72
-0,84
-0,5
-0,59
-0,6900001
-0,38
-0,7
-0,46
-0,62
-0,84
-1,19
-1,17
-1,18
-0,77
-0,62
-0,7
-0,67
-0,89
-0,8800001
-0,24
-0,5700001
-0,39
-0,02000001
0,03
-0,21
0,22
0,19
-0,08
-0,22
-0,15
0,01
0,17
0,03
0,13
0
-0,06
0,32
0,6
0,8200001
0,81
0,52
0,36
1,16
0,8800001
0,9
0,34
0,77
0,35
0,46
0,15
0,59
0,82
0,14
-0,2
0,1
0,27
0,08000001
-0,24
-0,39
-0,31
-0,5700001
-0,62
-1,14
-1,37
-1,75
-1,37
-1,21
-1,01
-0,47
-0,26
-0,43
-0,06999999
0,09
0,41
0,14
0,56
0,24
0,29
0,03
0,35
0,35
0,13
0,35
0,52
0,15
0,07999998
0,02999997
-0,37
-0,5700001
-0,8800001
-0,74
-0,64
-1,12
-0,67
-1,02
-0,96
-0,9
-1,07
-0,97
-1,03
-0,8600001
-0,93
-0,68
-0,78
-0,32
-0,85
-0,77
-0,8700001
-0,65
-0,77
-1,18
-0,8200001
-1,18
-1,04
-0,97
-0,71
-0,68
-0,47
-0,03
-0,34
0,1
-0,24
-0,14
-0,19
-0,13
0,21
-0,15
0,16
-0,08
0,2
-0,04
-0,19
-0,24
0,16
0
0,07
0,81
0,52
1,14
0,6900001
0,55
1,19
0,5700001
0,49
0,89
0,67
0,8300001
1,12
0,59
0,58
0,31
0,7599999
0,15
0,56
0,06
-0,01999998
0,11
0,11
0,24
-0,24
-0,4
-0,93
-1,4
-1,45
-1,63
-1,29
-0,58
-0,44
0,15
0,16
0,58
0,59
0,48
0,17
0,31
0,7
0,68
1,16
0,41
0,7
0,5700001
0,83
0,7600001
0,83
0,78
0,09000003
0,25
-0,2
-0,21
-0,28
-0,05000001
-0,2
-0,33
-0,73
-0,71
-0,62
-0,71
-0,98
-1,18
-1,12
-1,15
-0,83
-0,84
-0,18
-0,3
-0,59
-0,33
-0,62
-0,65
-0,64
-0,7
-1,05
-0,31
-0,76
-0,51
-0,63
-0,8
-0,44
-0,44
0,07
0,25
-0,08
-0,23
0,13
-0,1
-0,12
0,01
-0,29
-0,02
-0,28
0,21
-0,15
0,24
-0,28
0,04
-0,1
0,46
0,64
0,53
0,7599999
0,71
0,8700001
0,44
0,43
0,71
0,7
0,9999999
0,43
0,37
0,51
0,48
0,02000001
0,05000001
0,24
0,13
0,13
-0,00999999
0,22
-0,09
-0,48
-0,61
-0,64
-0,9
-0,9800001
-1,76
-0,85
-0,39
0,27
0,09
0,19
0,1
0,36
0,53
0,29
0,56
0,8800001
0,67
1,13
1,22
1
1,28
0,78
1,13
0,66
0,44
0,18
0,09000003
-0,00999999
0,19
0,21
-0,1
0,23
-0,48
-0,49
-0,73
-0,46
-0,93
-0,98
-0,82
-0,84
-0,41
-0,48
-0,5600001
-0,42
-0,5
-0,48
-0,51
-0,25
-0,32
-0,46
-0,55
-0,84
-0,4
-0,79
-0,5700001
-0,49
-0,5700001
-0,37
-0,23
-0,14
-0,35
-0,09000002
-0,53
-0,13
-0,01000002
-0,13
-0,07
0,12
-0,18
-0,19
0
0,15
0,15
0,25
-0,09
0,25
0,74
0,05000001
1,16
0,32
0,6900001
0,63
0,6
0,94
0,7499999
0,43
0,33
0,31
0,97
0,65
0,71
0,03
0,14
-0,07999998
-0,2
0,27
0,05000001
0,16
0,18
-0,37
-0,72
-0,34
-1,27
-1,03
-0,7600001
-0,7
-0,6900001
0,24
0,49
0,38
0,27
0,58
0,2600001
0,35
0,36
0,81
1,41
1,22
1,22
1,35
0,73
0,8200001
0,34
0,06999999
0,29
0,27
-0,29
0,22
0,15
-0,06
-0,1
0,27
-0,14
-0,58
-0,47
-0,18
-0,5
-0,17
-0,4
-0,66
-0,6800001
-0,82
-0,79
-0,31
-0,52
-0,47
-0,54
-0,82
-0,75
-0,71
-0,84
-1,18
-1,06
-1,17
-0,51
-0,64
-0,39
-0,75
-0,43
-0,74
-0,11
-0,02000001
-0,51
-0,35
-0,43
-0,31
0,12
-0,06
-0,09
-0,06
0,1
-0,23
0,12
-0,23
0,23
-0,25
0,4
0,05000001
0,58
0,7599999
0,8
1,12
0,67
0,8500001
0,78
0,47
0,73
0,43
0,53
0,77
0,5
0,55
0,55
0,03
0,05000001
0,24
-0,00999999
0,16
0,11
-0,82
-0,89
-1,08
-0,44
-0,39
-0,22
-0,62
-0,7
-0,23
-0,2
0,03999999
-0,15
0,45
0,46
0,31
0,5600001
0,8700001
0,51
0,73
0,37
0,59
0,76
0,58
-0,3
0,03999999
0,03
0,15
-0,18
-0,52
-0,29
-0,32
-0,25
-0,06
-0,06
-0,41
-0,15
-0,23
-0,55
-0,74
-0,44
-0,71
-0,33
-0,84
-0,8700001
-0,42
-0,59
-1,16
-0,82
-0,37
-0,83
-0,52
-0,8800001
-0,75
-0,81
-0,49
-0,68
-0,58
-0,78
-0,79
-0,73
-0,37
-0,14
-0,49
-0,25
-0,49
-0,32
-0,09000002
-0,39
-0,04
-0,14
0,19
0,21
0,05
0,27
0,17
-0,28
-0,2
0,25
0,12
0,03
0,58
0,97
0,78
0,61
0,8300001
0,25
0,5
0,7399999
0,73
0,8700001
0,43
0,25
0,83
0,58
0,53
0,33
0,16
0
0,52
0,19
0,09
-0,17
-0,19
0,06999999
0,17
-0,14
-0,63
-0,43
-0,09000003
0,39
0,12
0,06
0,59
0,6800001
1,09
0,45
0,5700001
0,4
0,41
0,45
0,68
0,36
0,68
0,29
0,02000001
0,23
0,5700001
0,37
-0,26
0,14
0,16
-0,21
0,03
0,22
-0,06999999
0,14
0,26
0,09999999
-0,17
-0,83
-0,32
-0,58
-0,67
-1,16
-0,46
-0,84
-0,95
-0,75
-0,82
-0,53
-0,85
-0,55
-0,72
-0,84
-0,49
-0,5700001
-0,85
-0,79
-0,55
-0,37
-0,41
-0,4
-0,47
-0,24
-0,37
-0,8700001
-0,5700001
-0,83
-0,15
-0,56
-0,41
-0,13
-0,03
0,04
0,16
-0,25
-0,17
0,03
0,45
0,56
0,8800001
0,72
0,8800001
0,2600001
-0,22
0,4
0,5
0,56
-0,2
0,5
0,39
0,15
0,05000001
0,49
0,17
0,37
-0,12
-0,14
0,11
0,41
0,32
-0,13
0,59
0,04000002
0,18
-0,12
0,08000004
0,43
0,5
0,66
0,2
0,31
0,8500001
0,38
0,8500001
0,36
0,22
0,17
0,28
0,42
0,42
0,67
0,5700001
0,55
-0,06
-0,2600001
0,11
0,38
0,47
0,08000001
0,46
0,26
0,22
-0,56
0,23
0,41
-0,18
-0,06999999
-0,22
-0,1
-0,28
-0,54
-0,84
-0,8700001
-0,6
-0,83
-1,01
-0,93
-0,37
-0,5
-0,75
-0,59
-0,42
-0,02000001
-0,62
-0,35
-0,7
-0,86
-0,51
-0,47
-0,54
-0,6
-0,34
-0,19
-0,4
-0,67
-0,51
-0,6900001
-0,46
-0,46
-0,36
-0,02000001
-0,22
-0,23
-0,21
-0,25
0
0,23
0,25
0,47
0,44
0,44
0,44
0,06
0,23
0,14
-0,23
0,23
0,35
0,28
0,51
0,38
0,74
-0,06
-0,46
-0,28
0,39
-0,05000001
0,13
0,06
0,28
0,27
0,12
0,39
0,16
0,47
1,13
0,41
0,48
0,22
0,54
0,56
0,07999998
0,22
0,28
-0,09
0,15
0,2
0,17
0,05000001
0,15
0,15
0,45
0,16
0,23
-0,45
-0,46
-0,16
0,22
0,06999999
0,2600001
0,35
0,4
-0,12
0,48
0,47
-0,28
-0,26
-0,11
0,06
-0,39
-0,04000002
-0,55
-1,07
-1,17
-0,96
-0,9
-0,98
-0,65
-0,37
-0,74
-0,41
-0,53
-0,53
-0,4
-0,47
-0,79
-0,64
-0,44
-0,89
-0,8800001
-0,51
-0,12
-0,49
-0,34
-0,72
-0,75
-0,41
-0,27
-0,49
-0,41
-0,19
-0,3
-0,49
-0,46
-0,12
0,1
0,02000001
0,72
0,28
0,7499999
0,52
0,18
-0,00999999
0,51
-0,24
0,28
0,33
0,27
0,04000002
-0,25
0,35
0,47
-0,12
-0,27
0,12
-0,22
-0,37
-0,14
0,15
0,09000003
0,4
0,48
0,7399999
0,94
0,64
0,78
0,55
0,52
0,31
-0,27
0,07999998
0,44
0,18
-0,14
-0,2
-0,09999999
-0,11
0,19
-0,11
-0,1
-0,18
-0,08000001
-0,32
-0,25
-0,47
-0,67
-0,78
0,07999998
0,02000001
-0,2
0,16
0,45
0,5700001
0,19
0,64
0,33
0,03
0,25
-0,14
0,17
-0,5700001
-0,2
-0,35
-1,19
-0,94
-0,6900001
-0,61
-1,18
-0,68
-0,6900001
-0,42
-0,5700001
-0,03
-0,05000001
-0,64
-0,72
-0,71
-0,52
-0,4
-0,79
-0,84
-0,43
-0,7
-0,6900001
-0,43
-0,37
-0,13
-0,01000002
-0,19
-0,53
-0,14
-0,36
-0,27
-0,59
-0,14
-0,29
0,26
0,27
0,07999998
0,22
0,24
0,09000003
-0,14
0,1
-0,09
0,42
0,18
-0,28
0,22
-0,14
0,44
0,54
0,04000002
0,05000001
-0,49
-0,15
-0,4
-0,26
-0,16
0,03
0,34
0,3
0,2
0,75
0,94
0,84
0,6
0,85
-0,52
-0,36
0,21
0,52
-0,3
0,28
0,16
0,26
0,00999999
-0,21
0,29
-0,85
-0,86
-0,45
-0,84
-0,36
-0,67
-0,38
-0,71
-0,32
0,5
0,00999999
0,11
0,21
-0,17
0,34
0,47
0,54
0,19
-0,29
0,06
0,27
0,11
-0,37
-0,37
-1,23
-0,95
-0,6900001
-0,66
-1,15
-1,02
-0,76
-0,46
-0,8
-0,25
-0,52
-0,31
-0,72
-0,37
-0,34
-0,39
-0,48
-0,86
-0,58
-0,56
-0,23
-0,18
-0,6
-0,21
-0,35
-0,49
-0,38
-0,53
-0,31
-0,27
-0,58
-0,37
-0,19
0,21
0,39
0,29
0,00999999
0,27
-0,46
-0,2
0,06
0,46
0,01
0,16
-0,26
0,05
-0,01
0
0,52
0,09000003
0,53
0,52
0,09000003
-0,12
-0,14
0,14
0,55
0,42
0,59
0,84
1,15
0,66
0,74
0,97
0,33
-0,45
-0,13
-0,03
0,13
-0,03999999
-0,09999999
0,14
0,2
-0,08
-0,32
-0,1
-0,79
-1,07
-0,8600001
-0,41
-0,48
-0,08000001
-0,76
-0,7
0,09
0,09000003
0,14
-0,07999998
0,03999999
0,54
0,03999999
0,19
0,58
0,2
-0,16
-0,00999999
0,00999999
0,24
-0,78
-0,71
-0,73
-1,19
-0,73
-0,64
-0,42
-0,82
-0,59
-0,13
0,2
-0,05
0,03
-0,19
-0,23
-0,21
-0,48
-0,5700001
-0,09000002
-0,06000002
-0,03
-0,37
-0,3
-0,05000001
-0,08000001
-0,41
-0,08000001
-0,6
-0,44
-0,31
-0,53
-0,02000001
-0,41
-0,43
-0,59
-0,15
0,00999999
0,4
0,34
-0,12
-0,29
0
0,08000001
-0,04
0,01
-0,22
-0,09
0,23
0,11
0,18
0,08000001
0,11
0,38
0,37
0,26
0,48
0,18
-0,08
0,08000001
1,17
0,94
1,07
1,12
0,92
0,9900001
0,82
-0,24
-0,15
0,09
0,21
0,37
0,31
0,28
0,03
0,22
0,2600001
-0,15
-0,56
-0,37
-0,47
-0,33
-0,02000001
-0,42
-0,03
-0,4
0,25
-0,09999999
0,42
0,5
0,12
0,27
0,39
0,31
0,37
0,74
0,74
0,07999998
-0,25
-0,14
0,09
-0,58
-0,8500001
-0,77
-1
-0,49
-0,53
-0,47
-0,55
-0,75
-0,3
-0,27
-0,16
-0,02000001
-0,36
-0,6
-0,25
-0,32
-0,36
-0,49
-0,17
-0,29
-0,37
-0,05000001
-0,34
-0,06000002
-0,03
-0,01000002
-0,09000002
-0,12
-0,23
-0,12
-0,21
-0,43
-0,17
-0,2
0,21
0,14
0,28
0,16
0,13
-0,18
0,45
-0,03
0,19
0,09
0,13
-0,19
-0,24
0,06
0,08
-0,15
0,13
0,24
0,02000001
0,06999999
0,39
-0,21
0,16
-0,05000001
0,73
0,97
1,41
1,06
0,97
0,71
0,53
-0,03999999
-0,16
0,14
-0,52
0,5
0,59
0,38
0,27
0,31
0,16
-0,04000002
-0,55
-0,13
-0,79
-0,44
-0,08000001
-0,46
-0,51
-0,38
0,03999999
-0,15
0,14
0,66
0,01000002
0,41
0,58
0,33
0,02000001
0,06
0,21
0,28
-0,11
-0,53
0,15
-0,14
-0,34
-0,68
-0,63
-0,42
-0,45
-0,5600001
-0,34
-0,59
-0,4
-0,18
-0,5700001
-0,01000002
-0,77
-0,34
-0,16
-0,23
-0,24
-0,46
-0,53
-0,23
-0,48
-0,22
-0,18
-0,34
-0,08000001
-0,04000002
-0,24
-0,39
-0,5
-0,12
-0,53
-0,03
-0,59
-0,05000001
0,2
-0,31
-0,14
-0,39
-0,23
-0,6
0,19
0,12
-0,15
-0,11
0,07
0,28
-0,11
-0,25
-0,09
0,13
0,51
0,35
0
0,08000001
0,04000002
-0,13
0,09999999
-0,3
0,55
1,38
1,48
0,95
0,81
0,62
0,05000001
-0,24
0,27
-0,12
-0,54
0,14
0,8
0,15
0,36
0,06
-0,42
-0,31
-0,37
-0,37
-0,42
-0,37
-0,54
-0,3
-0,01000002
-0,03999999
-0,03999999
0,00999999
0,5700001
0,83
0,51
0,32
0,49
0,46
-0,05000001
0,19
-0,29
0,13
-0,39
-0,18
0,13
0,00999999
-0,59
-0,59
-0,31
-0,83
-0,37
-0,84
-0,32
-0,06000002
-0,1
-0,26
-0,07000001
-0,43
-0,49
-0,89
-0,78
-0,63
-0,24
-0,05000001
-0,54
-0,5700001
-0,51
-0,5700001
-0,33
-0,27
-0,35
-0,27
0,19
0,17
-0,56
-0,26
-0,52
-0,19
-0,21
-0,43
-0,08000001
0,05000001
-0,29
-0,08000001
-0,28
0,19
0,03
-0,28
-0,27
-0,14
0,09
0,01
0,04
-0,07
0,07
0,04
0,37
0,25
0,36
0,39
0,22
0,27
0,03999999
-0,03999999
0,71
1,39
1,07
0,7
1,09
0,16
-0,03999999
-0,18
0,06999999
-0,06
-0,51
0,36
0,56
0,74
0,23
-0,14
-0,3
-0,54
-0,6
-0,5
-0,06000002
-0,37
-0,61
-0,35
-0,5
0,3
-0,03999999
0,12
0,05000001
0,59
0,54
0,54
-0,29
-0,25
-0,5
0,12
-0,28
-0,07999998
-0,47
-0,13
0,2
-0,03999999
-0,06
-0,21
-0,76
-0,9
-0,52
-0,67
-0,58
-0,11
-0,51
-0,44
-0,04000002
-0,37
-0,28
-0,43
-0,7
-0,38
-0,31
-0,42
-0,11
-0,16
-0,53
-0,23
-0,6
-0,46
0,05
0,2
0,03
0,1
-0,16
-0,53
-0,08000001
-0,47
-0,4
-0,33
0,29
-0,1
-0,2
-0,2
0,52
-0,28
0,09
-0,15
0,2
0,07
0,27
0,07
0,03
-0,08
-0,08
-0,21
0,23
0,54
0,5700001
0,05000001
0,18
-0,14
0,09
0,29
0,54
1,07
1,4
1,12
0,65
-0,28
-0,06
0,13
-0,28
-0,56
-0,12
0,29
0,41
0,49
0,2600001
-0,14
-0,56
-0,09000002
-0,13
-0,38
-0,43
-0,33
-0,73
-0,5
-0,12
0,34
0,13
0,27
0,15
0,14
0,08000001
0,12
-0,19
-0,19
-0,15
-0,26
-0,18
-0,43
-0,5
-0,13
-0,17
-0,16
-0,25
-0,02000001
-0,5700001
-0,38
-0,32
-0,27
-0,32
-0,5
-0,59
-0,34
-0,31
-0,44
-0,18
-0,63
-0,61
-0,51
-0,8700001
-0,6
-0,72
-0,33
-0,33
-0,13
-0,05000001
-0,54
-0,12
-0,01
-0,27
-0,08
-0,26
-0,14
-0,19
-0,01000002
-0,51
-0,58
-0,08
0,18
0,07
-0,05
-0,24
-0,2
-0,01
-0,25
-0,17
0,11
-0,17
0,25
-0,01
-0,13
0,05
0,03
0,13
0,39
0,29
0,45
0,77
0,17
0,03
-0,03
0,34
0,8800001
1,19
0,96
0,96
0,14
0,15
-0,00999999
-0,24
-0,21
-0,55
0,4
0,02000001
0,38
-0,36
-0,82
-0,33
-0,6900001
-0,5600001
-0,77
-0,37
-0,97
-1,2
-0,44
-0,14
-0,59
-0,28
-0,59
0
-0,06999999
-0,15
0,05000001
-0,15
-0,21
-0,09000003
-0,53
-0,2
-0,06999999
-0,31
-0,01999998
0,26
0,13
-0,11
0,19
-0,48
-0,06000002
-0,29
-0,25
-0,45
-0,4
-0,12
-0,35
-0,48
-0,41
-0,26
-0,8
-0,32
-0,47
-0,71
-0,5600001
-0,49
-0,47
-0,02000001
-0,18
-0,36
-0,01
-0,05
0,22
0,16
-0,14
-0,02
-0,26
-0,08000001
-0,25
-0,43
-0,51
0,04
-0,2
0,03
0,22
0
0,27
0,16
-0,21
0,05
0,19
-0,08
0,26
0,05
0,1
-0,21
0,26
0,03
0,54
0,16
0,13
0,7399999
-0,24
-0,05000001
0,13
-0,00999999
0,68
1,39
1,48
1,12
0,13
0,02000001
0,06
-0,28
-0,35
-0,24
0,47
0,1
0,26
-0,56
-0,46
-0,34
-0,42
-0,84
-0,5600001
-0,83
-0,92
-1,03
-0,85
-0,53
-0,29
-0,6
-0,02000001
-0,12
-0,26
-0,06
-0,03
0,15
-0,11
-0,37
-0,09000003
-0,53
0,17
-0,43
-0,38
-0,13
0,15
0,53
0,1
-0,56
-0,39
-0,15
-0,23
-0,11
-0,28
-0,44
-0,04000002
-0,6
-0,1
-0,24
-0,9
-0,7
-0,47
-0,4
-0,6900001
-0,48
-0,5600001
-0,73
-0,03
-0,6
-0,21
-0,29
-0,1
-0,27
-0,17
0,06
-0,52
-0,29
-0,17
-0,43
-0,39
0,04
-0,23
-0,29
0,15
0,15
0,23
-0,22
0,16
0,18
-0,02
-0,04
0,25
-0,17
-0,08
0
-0,06
0,5700001
0,56
0,4
0,42
0,5700001
0,26
-0,21
0,24
-0,09999999
0,55
0,94
1,26
1,15
0,07000001
0,24
-0,13
0,02000001
-0,46
-0,35
0,13
0,41
-0,25
-0,25
-0,41
-0,65
-0,59
-0,81
-0,59
-0,47
-1,14
-1,14
-0,2
-0,18
-0,48
-0,79
-0,25
-0,27
0,03999999
0,53
0,07999998
0,27
-0,54
-0,35
-0,4
-0,71
0,00999999
-0,09000003
-0,19
0,03
0,09000003
0,22
0,59
0,27
-0,73
-0,18
-0,09000002
-0,4
-0,09000002
-0,44
-0,04000002
-0,14
-0,23
-0,49
-0,77
-0,72
-0,37
-0,36
-0,48
-0,35
-0,41
-0,77
-0,33
-0,09
0,16
-0,15
0,04
0,09
-0,15
-0,01
-0,07000001
-0,21
-0,32
-0,33
-0,27
0,13
-0,23
0,13
-0,06
-0,01
-0,11
-0,16
-0,18
-0,12
0,26
0,22
-0,1
0,25
-0,19
-0,29
-0,05
0,37
0,39
0,45
0,14
0,55
-0,05000001
0,06999999
-0,5
-0,58
0,08000004
0,12
0,64
0,21
-0,07999998
0,17
0,18
-0,21
-0,23
-0,3
0,1
0,1
-0,00999999
-0,48
-0,25
-0,5600001
-0,89
-0,51
-0,66
-0,36
-0,66
-0,81
-0,33
-0,47
-0,56
-0,7399999
-0,31
0,12
-0,17
0,08
-0,12
-0,00999999
-0,28
-0,08
-0,39
-0,83
-0,21
-0,1
-0,05000001
-0,21
0,33
0,1
0,17
0,41
-0,4
-0,46
-0,52
-0,04000002
-0,5
0,1
0,23
0,15
-0,47
-0,45
-0,83
-0,62
-0,45
-0,39
-0,74
-0,84
-0,43
-0,55
-0,34
-0,02000001
-0,18
0,11
0,08
-0,24
0,21
-0,02
-0,36
-0,49
-0,16
-0,15
-0,4
0,14
-0,09
0,16
-0,07
0,19
-0,23
0,03
0,02
0,03
0,15
0,02
-0,14
-0,14
-0,15
0,22
-0,08
0,18
0,63
0,48
0,21
0,58
-0,46
-0,42
-0,32
-0,51
0,36
0,00999999
0,35
0,41
-0,15
-0,18
-0,59
-0,32
-0,05000001
-0,37
0,06000002
0,58
-0,03
-0,33
-0,02000001
-0,76
-0,8800001
-0,67
-0,77
-0,5
-0,95
-0,9900001
-0,39
-0,02000001
-0,54
-0,55
-0,23
0,25
0,23
-0,07999998
0
-0,5700001
-0,73
-0,46
-0,78
-1,14
-0,32
-0,4
-0,73
-0,8700001
0
0,18
0,21
0,52
-0,44
-0,37
-0,09000002
-0,54
-0,1
0,07
0,25
0,2
-0,25
0,18
-0,46
-0,75
-0,81
-0,83
-0,55
-0,81
-0,86
-0,84
-0,26
-0,27
-0,08000001
-0,27
0,1
-0,17
-0,16
0,21
-0,15
-0,48
-0,55
-0,51
-0,51
0,06
0,29
0,29
-0,18
0,12
-0,16
0
-0,26
-0,14
-0,04
0,09
0,27
-0,01
-0,01
0,27
0,26
-0,09
0,14
-0,23
0,28
0,24
-0,47
-0,12
-0,01000002
-0,18
0,42
0,37
0,81
0,28
-0,09000003
-0,17
-0,15
-0,35
-0,21
-0,53
0,15
-0,2
-0,05000001
-0,08000001
-0,05000001
-0,5700001
-0,89
-0,72
-0,84
-0,77
-1,15
-1,09
-0,77
-0,43
-0,05000001
-0,36
-0,03
0,28
-0,19
-0,16
-0,37
-0,49
-0,9
-0,31
-0,9
-0,83
-0,51
-0,54
-0,66
-0,48
-0,06999999
-0,28
0,2
-0,07999998
-0,19
-0,14
-0,34
-0,38
-0,48
-0,06
-0,08
0,25
0,11
0,15
-0,24
-0,29
-0,37
-0,5700001
-0,8700001
-0,64
-0,44
-0,14
-0,16
-0,06000002
-0,17
-0,5700001
-0,2
-0,05
0,22
-0,13
-0,06000002
-0,05000001
-0,07000001
-0,36
-0,41
-0,27
-0,1
-0,09
0,06
-0,22
0,28
0,05
0,15
0,16
-0,08
-0,02
0
-0,16
0,22
-0,02
-0,17
-0,55
-0,28
0,27
0,26
0,06999999
-0,42
-0,04000002
-0,22
-0,23
0,36
0
-0,00999999
-0,06
-0,3
-0,33
-0,59
-0,7399999
-0,65
-0,27
0,1
0,02000001
-0,03
-0,06000002
-0,32
-0,79
-0,89
-0,33
-0,59
-0,75
-0,8700001
-0,65
-0,8800001
-0,36
-0,27
-0,11
-0,3800001
-0,04000002
-0,32
-0,48
-0,15
-0,36
-0,18
-0,02000001
-0,58
-0,63
-1,15
-0,1
-0,74
-0,35
-0,33
-0,47
-0,11
-0,11
-0,73
-0,49
-0,53
-0,52
-0,31
0,14
-0,24
-0,1
-0,06
-0,07
-0,56
-0,2
-0,32
-0,86
-0,7
-0,49
-0,5600001
-0,56
-0,12
-0,48
-0,12
-0,14
-0,1
0,29
-0,08
0
-0,55
-0,5
-0,19
-0,24
-0,12
-0,11
-0,24
-0,18
-0,23
-0,08
0,11
0,14
-0,04
0,13
-0,24
-0,06
0,29
-0,12
-0,07000001
-0,09000002
-0,31
-0,59
0
0,05000001
-0,09999999
-0,07999998
-0,35
-0,24
-0,29
-0,3
-0,09
-0,22
-0,15
-0,00999999
-0,21
-0,05000001
-0,22
-0,43
-0,5600001
-0,45
0,34
-0,15
-0,03
-0,02000001
-0,01000002
-0,1
-0,53
-0,85
-0,85
-0,67
-0,74
-0,89
-1,15
-0,29
-0,6
-0,5700001
-0,81
-0,54
-0,45
-0,34
-0,06000002
-0,31
-0,19
-0,24
-0,89
-0,8700001
-0,62
-0,33
-0,86
-0,8
-0,15
-0,48
-0,17
-0,52
-0,74
-0,76
-0,5700001
-0,28
-0,25
0
0,14
-0,1
0
-0,53
-0,16
-0,11
-0,58
-0,46
-0,32
-0,55
-0,74
-0,28
-0,29
-0,52
-0,09000002
-0,55
-0,27
-0,09
0,26
-0,05
-0,09000002
-0,5
-0,59
-0,05000001
-0,22
0,04
0,17
0,27
-0,16
0,15
-0,3
-0,23
0
0,15
0,12
0,04
-0,01000002
-0,26
-0,09000002
-0,48
-0,29
-0,17
-0,00999999
-0,02000001
0,24
-0,17
-0,2
-0,25
-0,43
-0,49
-0,19
0,12
-0,55
-0,51
-0,21
-0,2600001
-0,42
-0,55
-0,61
-0,8
-0,59
-0,26
-0,01000002
-0,48
-0,25
-0,52
-0,89
-0,44
-0,34
-0,43
-0,84
-0,32
-0,61
0,14
0,24
-0,8300001
-0,8
-0,28
-0,6
-0,36
-0,07000001
-0,48
-0,2
-0,5700001
-0,86
-1,03
-0,8800001
-0,6900001
-0,85
-0,82
-0,45
-0,37
-0,55
-0,19
-1,1
-0,64
-0,47
-0,44
-0,07000001
0,16
-0,19
0,23
-0,22
-0,6
-0,55
-0,18
-0,47
-0,09000002
-0,46
-0,58
-0,37
-0,14
-0,25
-0,56
-0,44
-0,11
-0,36
-0,04000002
-0,22
-0,13
-0,25
-0,2
-0,2
-0,42
-0,59
0,12
0,23
0,17
0,04
-0,02
-0,07
-0,06
0,09
-0,17
-0,17
-0,01000002
-0,5700001
-0,2
-0,02000001
-0,39
-0,56
-0,19
-0,24
0,03
-0,16
-0,02000001
-0,12
-0,6
-0,65
-0,7
-0,58
0,17
-0,8300001
-0,25
-0,49
-0,29
-0,47
-0,4
-0,32
-0,68
-0,12
-0,35
-0,44
0,16
-0,22
-0,02
-0,54
-0,39
-0,09000002
-0,74
-0,45
-0,47
-0,32
0,16
-0,47
-0,06
-0,5600001
-0,23
-0,27
0,03
0,23
0,22
-0,09
-0,17
-0,64
-0,85
-1,04
-0,86
-0,8800001
-0,48
-0,14
-0,47
-0,18
-0,25
-0,5700001
-0,8200001
-0,66
-0,71
-0,65
0,16
-0,08
-0,03
-0,21
-0,52
-0,26
-0,42
-0,11
-0,39
-0,39
-0,44
-0,34
-0,54
-0,14
-0,35
-0,32
-0,05000001
-0,5700001
-0,5700001
-0,11
0,02
-0,48
-0,58
-0,42
-0,52
-0,3
0,02
-0,29
-0,08
-0,17
0,04
0
-0,16
0,11
-0,43
-0,49
-0,34
-0,18
-0,48
-0,22
-0,52
-0,14
-0,05000001
0,12
0,16
0,15
0,09999999
-0,34
-0,43
-0,84
-0,53
-0,25
-0,1
-0,31
-0,3800001
-0,27
-0,41
-0,52
-0,89
-0,52
-0,89
-0,44
-0,33
-0,52
0,16
0,16
0,11
-0,66
-0,61
-0,77
-1,18
-1,07
-0,7
-0,96
-1,09
-0,44
-0,73
-1,01
-0,28
-0,37
-0,11
-0,24
0,14
-0,15
0,05000001
0,29
-0,81
-1,06
-0,41
-0,47
-0,39
-0,42
-0,19
-0,2600001
-0,24
-0,39
-1,01
-0,73
-0,34
-0,31
-0,5700001
-0,15
0,26
-0,27
-0,56
-0,36
-0,16
-0,04000002
-0,12
-0,54
-0,44
-0,6
-0,25
-0,22
-0,11
-0,05000001
-0,28
-0,49
-0,28
-0,14
0,07
-0,33
-0,26
-0,15
-0,38
-0,16
0,01
-0,14
0,17
-0,11
-0,04
0
-0,07
-0,27
-0,41
-0,27
-0,51
-0,19
-0,5
-0,49
-0,45
-0,48
-0,34
0,13
-0,03
0,21
-0,18
-0,5700001
-0,16
-0,19
-0,41
-0,23
0,14
-0,51
-0,07999998
-0,24
-0,2
-0,49
-0,5
-0,7
-0,08000004
-0,03
-0,52
-0,32
-0,21
-0,14
-0,23
-0,8800001
-0,72
-0,75
-0,75
-0,6900001
-1,19
-1,3
-0,89
-0,66
-0,9
-0,39
-0,42
-0,29
-0,58
-0,33
-0,29
-0,54
-0,6
0,19
-0,45
-0,47
-0,5
-0,47
-0,3800001
-0,01999998
-0,6
-0,1
-0,42
-0,43
-1,16
-0,63
-1,17
-0,5
-0,47
0,09
0,15
-0,01
-0,05000001
-0,32
-0,55
-0,06000002
-0,22
-0,03
-0,25
0,19
-0,08000001
-0,51
-0,42
-0,35
-0,04000002
-0,58
-0,62
-0,71
-0,29
-0,67
-0,39
-0,25
-0,38
-0,13
0,2
-0,19
-0,29
0,13
-0,1
-0,27
-0,13
-0,23
-0,43
-0,38
-0,18
-0,58
-0,5
-0,29
-0,47
-0,4
-0,25
-0,18
-0,23
0,03
-0,25
-0,1
-0,28
-0,06999999
-0,09000003
-0,29
0,28
-0,16
-0,21
0,2
-0,13
-0,51
-0,23
-0,52
-0,23
0,24
-0,38
-0,36
-0,53
-0,28
-0,59
-0,76
-0,39
-0,34
-0,78
-0,67
-0,9900001
-0,93
-1,15
-0,8
-0,42
-0,51
-0,62
-0,42
-0,19
-0,6
-0,21
-0,23
0,22
-0,12
-0,5600001
-0,5700001
-0,32
-0,33
-0,26
-0,28
-0,05000001
-0,58
-0,06999999
-0,71
-0,93
-0,8
-0,85
-0,85
-0,58
-0,1
0,28
0,06
-0,5
-0,03
-0,5
-0,29
-0,22
-0,02000001
-0,59
-0,22
-0,19
-0,12
-0,34
-0,23
-0,45
-0,45
-0,8800001
-0,71
-0,03
-0,33
-0,44
-0,66
-0,39
-0,51
0,28
0,18
-0,27
0,16
0,13
-0,52
-0,5700001
-0,08000001
-0,44
-0,1
-0,59
-0,5700001
-0,04000002
-0,06000002
-0,53
-0,58
-0,35
0,29
0,26
0,25
-0,09000003
-0,24
-0,24
-0,44
-0,5700001
0,12
0,37
-0,44
0,06999999
-0,26
-0,26
0,03999999
-0,16
-0,59
-0,32
-0,38
-0,62
-0,39
-0,75
-0,08000001
-0,55
-0,12
-0,59
-0,55
-0,84
-1,38
-1,02
-1,42
-1,09
-0,35
-0,58
-0,7399999
-0,32
-0,04000002
-0,42
0,22
-0,19
0,17
0,13
-0,3
-0,6
-0,43
-0,45
-0,19
0,16
-0,34
-0,12
-0,05000001
-0,05000001
-0,45
-0,8600001
-0,8700001
-1,06
-0,8700001
-0,7
-0,58
-0,26
-0,3
-0,21
-0,1
-0,06000002
-0,31
-0,56
-0,19
-0,28
0,17
0,06
-0,42
-0,18
-0,84
-0,8
-0,49
-0,82
-0,76
-0,68
-0,73
-0,5700001
-0,7
-0,41
-0,51
-0,06
0,22
-0,17
-0,05
-0,39
-0,02000001
-0,58
-0,36
-0,25
-0,45
-0,43
-0,5
-0,53
-0,07000001
-0,54
-0,3
0,12
0,33
0,38
0,28
-0,1
0
-0,47
-0,12
-0,26
0,23
-0,05000001
0,29
-0,19
-0,28
0,29
-0,16
-0,19
-0,61
-0,64
-0,58
-0,74
-0,52
-0,7
-0,5700001
-0,15
-0,49
-0,48
-0,94
-1,01
-0,91
-1,17
-1,35
-1,12
-0,6900001
-0,5600001
-0,31
-0,49
-0,1
-0,11
0,23
0,09000003
-0,06
0,21
-0,01999998
-0,5700001
-0,8800001
-0,77
-0,28
0,16
-0,28
-0,00999999
-0,22
-0,34
-0,86
-0,7600001
-1,16
-1,07
-1,16
-0,78
-0,52
-0,13
-0,14
-0,02000001
-0,25
-0,41
-0,5
-0,09000002
-0,11
-0,32
0
0,02
-0,39
-0,8
-0,58
-0,67
-0,39
-0,43
-0,39
-0,9
-0,47
-0,33
-0,81
-0,5
-0,14
-0,3
0,25
0,18
-0,56
-0,24
-0,3
-0,15
-0,23
-0,23
-0,2
-0,55
-0,08000001
-0,34
-0,44
-0,22
-0,07
-0,19
0,24
-0,26
-0,14
-0,3
0,06999999
-0,33
-0,06
-0,2
-0,08000004
-0,44
-0,09
-0,86
0,29
0,4
0,07999998
-0,54
-0,79
-0,5600001
-0,36
-0,6900001
-0,44
-0,78
-0,33
-0,46
-0,05000001
-0,77
-1,21
-1,24
-1,2
-1,25
-1,19
-0,77
-0,53
-0,58
-0,5700001
-0,8600001
-0,06
-0,14
-0,07999998
-0,02999997
0,24
0,23
0,14
-0,76
-0,67
-0,58
-0,53
-0,00999999
-0,03
0,16
-0,16
-0,19
-0,47
-1,19
-0,96
-1,09
-1,13
-0,59
-0,55
-0,36
-0,02000001
-0,63
-0,5
-0,34
-0,16
-0,22
-0,34
-0,03
-0,23
-0,27
-0,48
-0,35
-0,79
-0,33
-0,63
-0,67
-0,62
-0,77
-0,6900001
-0,68
-0,55
-0,61
-0,01000002
0,14
-0,19
-0,1
-0,01000002
-0,25
-0,53
-0,38
-0,03
-0,08000001
-0,19
-0,32
-0,32
-0,33
-0,17
-0,13
-0,01
0,15
0,06000002
-0,2
0,22
0,23
-0,27
-0,42
-0,31
-0,14
-0,26
-0,29
0,13
-0,36
0,1
-0,18
-0,12
-0,32
-0,63
-0,65
-0,45
-0,36
-0,52
-0,4
-0,4
-0,46
-0,54
-0,71
-1,36
-1,07
-1,22
-1,5
-1,4
-1,1
-0,77
-0,55
-0,7399999
-0,35
0,06
-0,25
0,1
0,23
-0,1
0,13
-0,29
-0,84
-0,51
-0,58
-0,18
-0,32
-0,51
0,29
0,59
0,17
-0,8800001
-0,8600001
-1,14
-1,05
-1
-0,82
-0,74
-0,76
-0,86
-0,44
-0,43
-0,27
-0,09000002
-0,28
-0,5
-0,5600001
-0,04000002
-0,07000001
-0,08000001
-0,68
-0,45
-0,68
-0,5600001
-0,65
-0,42
-0,77
-0,85
-0,86
-0,83
-0,15
-0,27
-0,02
-0,3
-0,37
-0,52
-0,21
-0,32
-0,59
-0,55
-0,32
-0,12
-0,34
0,19
0,03
0,25
-0,03
-0,15
-0,23
-0,08
-0,23
-0,28
-0,15
-0,23
-0,23
-0,59
-0,2
-0,6
0,11
0,26
-0,24
-0,28
-0,18
-0,23
-0,12
-0,78
-0,41
-0,27
-0,92
-0,67
-0,59
-0,85
-0,36
-0,42
-0,97
-1,17
-1,01
-0,8700001
-1,2
-0,9
-0,7
-0,32
0,28
0,11
-0,01000002
-0,17
-0,12
-0,09000003
-0,06999999
-0,09000003
0,28
0,09000003
-0,43
-0,5600001
-0,62
-0,34
-0,24
-0,42
-0,3
0,21
0,36
0,24
-0,43
-0,47
-0,4
-0,28
0,06999999
-0,03
-0,16
-0,5700001
-0,48
-0,53
0,29
-0,49
-0,55
-0,53
-0,56
0
-0,53
-0,55
-0,36
-0,62
-0,81
-0,84
-0,36
-0,38
-1,03
-0,7
-0,71
-0,03
-0,04000002
-0,6
-0,28
0,09
-0,37
-0,35
-0,19
-0,46
-0,09000002
-0,03
-0,25
-0,1
0,06
-0,1
0,09
-0,09
0,09
0,06
-0,01
-0,09
-0,09
-0,55
-0,2
-0,05000001
-0,34
-0,22
-0,15
-0,2
0,48
0,28
-0,46
-0,13
-0,23
0,16
-0,23
-0,19
-0,86
-0,41
-0,73
-0,51
-0,65
-0,41
-0,51
-0,5
-0,61
-1,17
-0,6900001
-0,71
-0,93
-0,8700001
-0,78
-0,19
0,51
0,28
0,05000001
0,51
0,49
0,67
-0,18
0,15
0,4
-0,3
-0,65
-0,38
-0,78
-0,42
-0,18
0,2
-0,17
0,58
0,16
0,2
-0,11
-0,11
-0,05000001
0,02000001
-0,05000001
-0,3
0,25
-0,07999998
-0,13
-0,34
-0,47
-0,45
-0,15
-0,58
-0,34
-0,21
-0,2
-0,15
-0,09000002
-0,63
-0,84
-0,89
-0,31
-0,65
-0,97
-0,13
-0,03
-0,49
-0,4
-0,6
0,06
-0,01
-0,44
-0,08000001
-0,08000001
-0,59
-0,58
-0,5700001
-0,35
0,19
0,12
0,2
0,28
0,13
0,17
-0,2
-0,54
-0,2
0,21
-0,5700001
0,09
0,27
-0,54
-0,11
-0,47
0,17
0,5
-0,3
-0,52
0,07999998
-0,28
0,13
-0,29
-0,14
-0,4
-0,16
-0,62
-0,37
-0,8
-0,36
-0,54
-0,53
-0,7
-1,18
-0,75
-1,04
-1,17
-1,05
-0,53
-0,17
0,4
0,17
-0,11
0,47
0,21
0,68
0,22
0,27
0,39
-0,25
-0,5
-0,58
-0,36
0,16
0,17
0,28
0,18
0,72
0,8200001
0,32
0,72
0,13
0,29
0,26
0,26
0,31
0,06
0,04000002
-0,26
0,26
0,13
0,03999999
-0,08000001
-0,05000001
-0,02000001
-0,16
-0,06999999
-0,16
-0,36
-0,19
-0,39
-0,6
-0,77
-0,55
-0,76
-0,26
-0,48
-0,5700001
-0,46
-0,14
-0,02
0,2
0,23
-0,25
-0,59
-0,34
-0,13
-0,07000001
-0,1
0,19
0,01
-0,12
-0,07
0,12
-0,09
0,06
-0,21
-0,01000002
0,17
-0,58
0,05000001
0,03
-0,13
-0,2
-0,19
0,11
0
-0,06000002
-0,48
0,52
-0,11
-0,27
0,19
-0,43
-0,32
0,22
-0,79
-0,43
-0,07000001
-0,28
-0,34
-0,3
-0,67
-0,85
-1,1
-1,17
-1,14
-0,89
-0,17
0,06999999
0,54
-0,18
-0,15
0,42
0,11
0,84
0,03
0,12
0,83
-0,11
-0,34
-0,08000001
-0,2
-0,02000001
0
0,28
0,59
0,66
0,7399999
0,58
0,54
0,52
0,06
0,45
0,35
0,35
0,7
0,42
0,3
0,37
0,34
0,58
0,11
0,05000001
-0,03
-0,24
0,17
-0,24
-0,54
-0,27
-0,11
-0,31
-0,37
-0,5700001
-0,84
-0,26
-0,1
-0,35
-0,55
-0,19
0,03
-0,3
-0,14
-0,15
-0,18
-0,28
-0,84
-0,6
-0,24
-0,55
-0,46
0,21
0,11
-0,14
0,15
-0,03
-0,19
-0,56
0
-0,37
0,11
-0,07999998
-0,00999999
-0,2
0,07999998
-0,35
0,58
-0,28
-0,51
0,31
-0,16
-0,16
-0,23
-0,11
-0,56
0,03999999
-0,48
-0,05000001
-0,08000001
-0,35
-0,01000002
-0,14
-0,91
-1,2
-1,01
-0,62
-0,72
-0,83
-0,42
0,08000001
0,52
0,15
0,24
0,41
0
0,41
0,01000002
0,36
0,66
0,17
0,33
-0,2600001
-0,09000003
0,05000001
0,8
0,59
0,73
1,11
0,72
0,4
0,7499999
0,75
0,42
0,05000001
0,23
0,84
0,82
0,8800001
0,51
0,7
0,66
0,81
1,03
0,3
0,68
0,29
-0,11
-0,03999999
-0,11
-0,08000001
0,02000001
0,05000001
-0,11
-0,55
-0,39
-0,35
-0,05000001
-0,36
-0,51
-0,41
-0,16
0,26
0,25
0,07
-0,07
-0,54
-0,28
-0,11
-0,43
-0,55
-0,42
-0,58
-0,45
-0,04000002
-0,2
-0,48
-0,39
-0,4
-0,34
-0,6900001
-0,21
-0,43
-0,8800001
-0,71
-0,22
-0,51
0,26
-0,23
-0,46
0,58
0,28
-0,02000001
0,18
-0,59
-0,05000001
0,09999999
-0,05000001
-0,25
-0,23
-0,28
-0,03
-0,3
-1,12
-0,77
-0,8700001
-0,6
-0,7
-0,68
-0,36
0,08000001
0,34
-0,25
0,27
0,18
0,39
0,8700001
0,54
0,35
0,89
0,43
0,39
0,25
0,03999999
0,19
0,37
0,5
0,43
0,73
0,91
0,3
0,77
0,75
0,43
0,84
0,23
0,09000002
0,09000002
0,19
0,45
0,08000001
0,49
0,04000002
0,72
0,36
0,23
0,8300001
0,3
-0,3
-0,68
-0,33
0,15
-0,11
-0,25
-0,37
-0,38
-0,59
-0,05000001
-0,12
-0,25
-0,17
-0,14
-0,24
0,2
0,24
-0,4
-0,12
-0,08000001
-0,5700001
-0,36
-0,3
-0,12
-0,26
-0,1
-0,09000002
-0,36
-0,55
-0,77
-0,62
-0,05000001
-0,76
-0,4
-0,47
-0,39
-0,5700001
-0,46
-0,63
0,4
-0,11
-0,59
0,22
-0,17
-0,09999999
0,13
-0,28
0,21
0,12
-0,47
0,17
0,15
0,04
-0,29
-0,34
-0,55
-0,39
-0,51
-0,8
-0,61
-0,77
-0,32
0,17
0,48
-0,03999999
0,23
-0,09
0,23
0,33
0,45
0,46
0,7
0,83
0,08000004
0,01999998
0,32
0,32
0,16
0,27
0,81
1,08
0,6
0,71
0,51
0,5600001
1,03
0,81
0,43
0,53
0,67
0,59
0,24
0,03
0,58
0,26
0,5
0,73
0,64
0,7599999
0,5700001
0,51
0,07999998
0,18
-0,33
-0,03999999
-0,24
-0,09000003
-0,35
-0,02000001
-0,36
-0,27
-0,25
-0,49
-0,11
0,1
-0,17
-0,14
-0,04000002
-0,38
-0,18
-0,29
-0,52
-0,3
-0,35
-0,45
-0,38
-0,23
-0,36
-0,48
-0,79
-0,71
-0,62
-0,61
-0,6
-0,31
-0,81
-0,48
-0,46
-0,36
0,19
-0,09000002
-0,05000001
0,14
-0,00999999
-0,26
0,24
-0,18
0,13
-0,13
-0,48
0,03
0,17
-0,19
-0,27
-0,05000001
-0,77
-0,82
-0,68
-0,79
-0,86
-0,61
-0,34
0,43
0,46
-0,25
-0,26
-0,25
0,11
0,8
0,6
0,31
0,32
0,31
0,02999997
0,51
0,66
1,14
0,31
0,21
0,81
0,7
1,13
0,67
0,3
0,67
0,61
0,7600001
0,85
0,65
0,16
-0,29
0,19
-0,28
0,2
0,19
0,25
0,42
0,8700001
1,14
1,19
0,48
0,31
0,23
0,17
-0,5
-0,29
-0,14
-0,52
-0,48
-0,41
-0,41
-0,53
-0,59
-0,1
0,23
0,06
-0,11
-0,47
-0,52
-0,27
-0,12
-0,2
-0,55
-0,26
-0,31
-0,48
-0,01000002
-0,8
-0,77
-0,34
-0,66
-0,64
-0,84
-0,39
-0,27
-0,52
-0,00999999
-0,1
-0,41
0,06000002
-0,15
-0,53
0,12
0,16
0,56
0,54
0,18
0,12
0,27
-0,48
0,05
0,28
-0,12
0,2
-0,49
-0,53
-0,35
-0,71
-0,73
-0,32
-0,59
-0,54
0,24
0,16
0,25
0,22
0
0,4
0,77
0,75
0,66
0,59
0,83
0,01999998
0,48
0,7
0,8700001
0,49
0,37
0,64
0,5300001
0,47
0,13
0,00999999
0,5
0,55
0,37
0,7599999
0,09000003
0,85
-0,17
0,09999999
0,02000001
-0,09
0,05000001
0,09000002
0,42
1,15
1,11
0,64
0,54
0,3800001
0,8500001
-0,19
0,05000001
-0,25
-0,55
-0,14
-0,58
-0,3
-0,5
-0,25
-0,19
0,13
0,04
-0,17
-0,07
0,23
-0,04000002
-0,31
-0,16
-0,16
-0,3
-0,09000002
-0,29
-0,05000001
-0,03
-0,58
-0,63
-0,51
-0,62
-0,59
-0,92
-0,27
-0,8
-0,45
-0,38
-0,59
-0,35
0,15
-0,41
-0,09000002
0,43
0,38
0,45
0,37
0,29
0,18
0,16
-0,39
0,15
-0,11
0,29
-0,09
-0,41
-0,5
-0,53
-0,8700001
-0,51
-0,5
-0,83
-0,28
-0,12
0,23
0,02000001
0,08
-0,23
0,08000001
0,62
0,49
0,8
0,51
0,28
0,4
0,1
0,82
0,3
0,81
0,05000001
0,5400001
0,8600001
0,3800001
0,16
-0,55
0,53
0,09000003
0,31
0,06999999
-0,16
0
-0,22
-0,11
0,21
0,45
0,07000001
0,46
0,02000001
0,79
0,95
0,36
0,3
0,8
0,46
0,5700001
-0,3
-0,06999999
0,21
-0,11
-0,49
-0,34
-0,21
-0,15
-0,03
0,15
0,13
0,28
0,16
0,13
0
-0,07000001
-0,54
-0,01000002
-0,06000002
-0,59
-0,2
-0,29
-0,9
-0,48
-0,58
-0,67
-0,4
-0,5
-1,04
-0,00999999
-0,66
-0,55
-0,08000004
-0,42
0,03999996
0,29
-0,42
-0,48
0,86
0,47
0,5
0,52
-0,09
0,05000001
-0,29
-0,52
-0,3
-0,11
0,19
0,12
-0,6
-0,6
-0,34
-0,76
-0,44
-0,31
-0,67
-0,52
-0,14
0,47
0,36
0,29
-0,00999999
0,58
0,51
0,67
0,36
0,5700001
0,08000004
0,00999999
0,65
0,84
0,33
-0,24
0,11
0,48
0,39
0,25
-0,19
-0,37
0,22
0,3
0,51
0,64
0,28
0,23
-0,51
-0,22
0,01999998
0,35
0,06000002
0,09000002
0,25
0,6800001
0,41
0,81
0,23
0,52
0,44
0,54
0,02000001
0,02000001
-0,19
0,48
-0,54
-0,55
-0,33
-0,1
-0,27
0,28
0,19
0,28
-0,03
-0,08
-0,05
-0,24
-0,23
-0,05000001
-0,01000002
-0,33
-0,32
-0,32
-0,35
-0,58
-0,36
-0,65
-0,62
-0,36
-0,36
-0,41
-0,36
-0,14
-0,5
-0,44
-0,09000003
0,49
-0,42
-0,28
0,5700001
0,52
0,26
0,18
0,03999999
0,03999999
0,16
-0,52
0,12
-0,28
0,13
-0,55
-0,17
-0,32
-0,67
-0,43
-0,35
-0,5600001
-0,53
-0,21
-0,07000001
0,4
0,37
0,02000001
0,25
0,44
0,63
0,32
0,77
0,4
0,00999999
0,35
0,77
0,35
0,5700001
-0,24
0,01000002
0,39
0,8300001
0,2
0,16
0,16
0,73
0,55
0,41
0,49
0,35
-0,04000002
-0,37
-0,38
-0,39
0,16
-0,18
0,39
0,39
1,07
0,45
0,83
0,53
0,8
0,3
1,03
0,5
0,02000001
0,01000002
0,08000001
-0,13
-0,22
-0,6
-0,44
0,15
0,15
0,11
-0,14
0,23
-0,24
0,27
-0,19
-0,09
-0,24
-0,21
0,06
0,08
-0,06
-0,12
-0,45
-0,37
-0,52
-0,05000001
-0,2
-0,09000003
-0,22
0,16
-0,58
-0,4
-0,58
-0,03999996
0,4
-0,06
0,03
0,61
0,56
0,56
0,07000001
0,06999999
0,05000001
-0,26
-0,05000001
0,15
-0,27
0,2
-0,5700001
-0,29
-0,44
-0,49
-0,67
-0,85
-0,35
-0,47
-0,15
-0,16
0,09000002
0,42
-0,09999999
-0,05000001
0,37
0,8800001
0,6900001
0,86
0,81
0,39
0,76
0,77
0,18
0,34
-0,18
0,4
0,31
0,47
-0,17
-0,2
0,27
0,8200001
1,12
1,1
0,77
0,66
0
-0,1
0,26
0,26
0,00999999
-0,02999997
0,07999998
0,18
0,8200001
1,03
0,96
1,01
1,19
0,96
0,55
0,8800001
0,54
0,23
0,03
0,16
-0,17
-0,19
-0,01
0,13
0,03
-0,23
0
0,04
-0,13
0,16
0,2
-0,01
0,07
-0,3
-0,02
-0,12
-0,3
-0,06000002
-0,52
-0,42
-0,52
-0,6
-0,48
-0,00999999
-0,27
0,19
0,18
0,06
0,15
0,29
0,58
-0,00999999
0,46
0,61
0,23
0,48
0,51
-0,18
-0,06999999
-0,06999999
-0,03
-0,26
-0,29
0,05
-0,37
-0,54
-0,56
-0,32
-0,82
-0,84
-0,32
-0,6
-0,46
-0,15
-0,23
0,13
-0,02000001
-0,00999999
0,39
0,74
0,19
0,53
0,48
0,47
0,18
0,2
-0,17
-0,24
-0,24
0,09999999
0,27
0,47
0,00999999
0,15
0,51
0,64
1,18
0,67
0,66
0,8700001
0,15
0,19
-0,01999998
-0,21
-0,3
-0,01999998
-0,15
-0,29
0,53
0,7
0,79
1,11
0,93
0,9900001
0,34
0,33
0,45
0,13
0,17
0,02000001
-0,07999998
-0,03
-0,08
-0,03
0,09
-0,19
-0,02
-0,01
-0,07
-0,27
-0,16
0,21
0,23
0,12
0,28
-0,01
-0,05
-0,51
-0,43
-0,1
-0,55
-0,18
-0,18
-0,34
-0,09999999
-0,25
-0,16
0,22
0,09999999
0,18
0,48
0,15
0,19
0,63
0,34
0,47
0,27
-0,3
0,29
-0,11
-0,01000002
0,16
0,07
-0,1
-0,04000002
-0,33
-0,32
-0,39
-0,5
-0,5600001
-0,53
-0,54
-0,05000001
-0,33
0,27
0,4
-0,15
0,26
-0,24
0,33
0,56
0,36
0,48
0,04000002
0,15
0,28
-0,28
-0,09999999
-0,53
-0,5
-0,28
-0,06
0,09000003
0,5700001
0,81
0,79
0,64
0,51
0,59
0,82
0,06999999
-0,06999999
-0,49
-0,54
-0,19
0,12
0,19
0,22
0,36
1,14
0,92
0,91
1,43
0,55
0,52
0,52
0,8800001
0,63
0,05000001
0,28
0,25
0,08000001
0,13
-0,01
0,02
-0,18
0,26
0,28
0,06
0,07
0,05
0,23
-0,04
-0,16
0,26
0,03
-0,05
-0,19
-0,37
-0,28
-0,22
-0,21
-0,17
-0,48
0,07999998
0,00999999
0,00999999
0,13
0,03999999
0,28
0,21
-0,29
0,16
0,31
0,5700001
0,29
0,39
0,12
0,03999999
-0,02000001
-0,15
0,21
-0,14
0,28
-0,41
-0,22
-0,56
-0,51
-0,61
-0,41
-0,33
-0,44
-0,5
-0,28
0,19
-0,45
-0,06
-0,3
0,2
0,00999999
0,41
0,12
0,23
0,06999999
0,16
-0,27
-0,24
-0,05000001
-0,44
-0,33
-0,06
0,12
-0,23
0,8400001
0,77
1,07
0,83
0,74
0,83
0,3
-0,03999996
-0,09000003
-0,46
-0,15
0,00999999
-0,26
-0,39
0,14
0,11
0,71
0,64
0,6800001
0,81
0,63
1,07
0,93
0,5700001
0,38
0,42
0,15
-0,29
0,39
-0,08
-0,29
0,24
-0,16
-0,21
-0,15
0,15
-0,29
0,22
0,1
0,07
0,2
0,04
0,19
0,27
-0,22
-0,25
-0,49
-0,18
-0,38
-0,47
-0,25
-0,06999999
0,15
0,21
0,03999999
-0,24
0,13
0,2
-0,46
0,02000001
0,67
0,58
0,47
0,28
-0,17
0,2
-0,13
-0,05000001
-0,25
0,29
-0,51
-0,11
-0,36
-0,3
-0,89
-0,32
-0,32
-0,55
-0,12
-0,28
-0,3
0,03
-0,51
-0,35
-0,13
0,08
-0,22
0,22
0,34
0,09000003
0,31
0,41
-0,23
-0,23
-0,3
-0,09000003
-0,13
-0,7
0,14
0,17
0,18
0,16
0,96
1,12
0,33
0,76
0,8800001
-0,15
-0,1
-0,25
-0,52
0,07999998
0,00999999
-0,19
0,00999999
0,02999997
0,79
0,81
1,01
0,34
0,71
1,14
1,1
0,86
0,58
0,28
0,11
0,46
0,3
0,09000002
-0,2
0,07
0,2
-0,29
-0,16
-0,16
0,27
-0,14
-0,09
-0,3
0,09
0,23
0,02
0,28
-0,59
-0,38
-0,8
-0,35
-1,14
-0,33
-0,89
-0,35
-0,21
-0,5
-0,54
-0,37
0,25
0,4
-0,36
0,35
0,64
0,12
0,45
0,4
-0,06
0,3
0,18
-0,3
-0,03
-0,13
-0,55
-0,28
-0,01000002
-0,2
-0,36
-0,42
-0,68
-0,6900001
-0,06000002
-0,25
-0,43
-0,14
-0,51
-0,58
-0,52
0,15
0,28
0,4
0,54
0,5
0,19
0,16
0,22
-0,14
-0,34
-0,33
-0,52
-0,39
0,03999999
0
0,04000002
0,4
0,5700001
0,79
0,81
0,58
0,5600001
-0,02000001
-0,75
-0,43
-0,59
0,02999997
-0,15
-0,12
-0,12
0,17
0,62
0,42
0,62
0,6900001
0,62
0,6800001
1,25
0,66
0,5700001
0,18
0,09999999
0,13
0,14
0,27
0,09
0,01
0,17
-0,06
0,01
0,07
0,18
0,2
0,11
0,09
-0,12
0,29
-0,36
-0,23
-0,41
-0,44
-0,59
-0,86
-0,92
-0,82
-0,36
-0,05000001
-0,42
-0,06000002
-0,03
-0,04000002
0,05000001
0,51
-0,39
0,02000001
0,78
0,12
0,44
0,47
0,07999998
0,3
0,15
-0,39
-0,13
0,1
-0,31
-0,19
-0,29
-0,07000001
-0,7
-0,5700001
-0,47
-0,32
-0,13
-0,49
-0,43
-0,25
-0,45
-0,55
-0,27
-0,17
-0,18
0,53
0,26
0,34
0,32
0,5700001
0,29
0,07999998
0,2
-0,54
-0,46
-0,23
0,28
-0,11
0
0,09000003
0,76
0,47
0,6900001
0,42
0,24
-0,65
-0,5700001
-0,66
-0,47
-0,8400001
-0,5700001
-0,21
0,14
0,13
0,5700001
0,6900001
0,13
0,84
0,78
1,12
1,15
0,72
0,38
0,00999999
0,42
0,22
0,02000001
0,14
-0,12
-0,25
0,29
-0,02
-0,19
-0,23
0,18
0,27
-0,04
-0,09
-0,41
-0,14
-0,41
-0,59
-0,6900001
-0,65
-0,37
-0,71
-0,67
-0,53
-0,51
-0,55
-0,37
-0,56
-0,6
-0,22
0,14
0,04000002
-0,52
0,07000001
0,29
0,31
0,22
0,19
-0,24
0,07000001
-0,23
-0,25
-0,02
0,07
-0,36
-0,31
-0,48
-0,08000001
-0,55
-0,59
-0,58
-0,07000001
-0,39
-0,17
-0,53
-0,68
-0,32
-0,35
-0,25
-0,18
0,12
0,54
0,27
0,01999998
0,52
0,44
-0,11
-0,12
0,21
0,17
-0,37
-0,6
0,24
0,13
0,17
0,18
0,81
0,16
0,12
-0,21
-0,07999998
-0,6
-0,61
-0,61
-0,54
-0,6900001
-0,48
-0,35
-0,00999999
0,06999999
0,63
0,56
0,43
0,53
0,85
0,42
0,6800001
0,55
0,74
0,39
0,1
0,24
-0,29
0,47
-0,22
0,01
0,28
-0,22
-0,05
-0,11
0
0,11
-0,47
-0,65
-0,71
-0,79
-0,65
-0,33
-0,94
-0,89
-1,18
-0,97
-1,02
-1,07
-0,76
-0,94
-0,74
-0,6
-0,42
-0,55
-0,21
-0,34
-0,8800001
0,02000001
0,29
-0,32
-0,31
0,11
-0,39
-0,26
-0,38
-0,5600001
-0,3
-0,51
-0,54
-0,39
-0,47
-0,72
-1,16
-1,07
-0,73
-0,8
-0,32
-1,08
-0,83
-0,74
-1,15
-0,73
-0,5700001
-0,49
-0,46
-0,33
-0,11
0,2
0,4
0,34
0,09000003
0,4
-0,05000001
0,21
0,12
0,13
0,36
0,22
0,08000001
0,28
0,83
0,39
-0,23
-0,07999998
-0,18
-0,02000001
-0,64
-0,55
-0,72
-0,32
-0,63
-0,71
-0,05000001
0,13
0,23
-0,19
0,08000001
0,6900001
0,49
0,54
0,44
0,4
0,89
0,62
0,11
-0,27
0,22
0,12
0,01
-0,27
0,03
0,06
-0,27
-0,21
0,23
-0,34
-0,8
-0,8
-0,32
-0,74
-0,9
-0,46
-1,18
-1,09
-0,84
-0,71
-1,06
-1,38
-0,63
-0,9
-0,55
-0,34
-0,58
-0,46
-0,17
-0,17
-0,51
0,05000001
0,11
-0,21
-0,55
-0,77
-0,5700001
-0,16
-0,65
-0,39
-0,45
-0,14
-0,7
-0,33
-0,89
-0,33
-0,79
-0,8700001
-0,67
-0,6
-1,12
-0,73
-0,65
-0,6900001
-0,71
-0,5
-0,45
-0,9
-0,62
-0,24
0,04000002
0,49
0,55
-0,21
0,16
0,05000001
-0,00999999
-0,41
-0,5
0,17
0,09999999
0,47
0,46
0,15
0,33
0,28
-0,08000001
-0,3
-0,61
-0,53
-0,7499999
-0,62
-0,9999999
-0,77
-0,8500001
-0,6900001
-0,51
0,19
-0,4
-0,05000001
0,58
0,03
0,46
0,78
0,7599999
0,2600001
0,8
0,4
-0,2
-0,03999999
-0,02000001
0,22
-0,08
-0,24
0,19
-0,1
-0,29
-0,2
-0,42
-0,7
-0,42
-0,76
-0,59
-0,4
-0,6900001
-0,85
-0,91
-1,08
-0,8600001
-0,66
-0,95
-1,11
-0,32
-0,75
-0,72
-0,53
-0,89
-0,01999998
0,28
-0,53
-0,83
0,11
-0,09999999
-0,5700001
-0,52
-0,3800001
-0,54
-0,17
-0,37
-0,76
-0,1
-0,31
-0,59
-0,31
-0,54
-0,76
-0,8800001
-0,65
-0,94
-0,79
-0,64
-0,8200001
-0,85
-1,05
-0,6
-0,42
-0,67
-0,54
-0,42
-0,19
0,19
0,02999997
0,12
-0,2
-0,17
-0,24
0,23
-0,33
0,11
-0,02000001
0,28
0,16
0,18
0,2
0,34
0,26
-0,22
0,29
-0,51
-1,17
-1,15
-1,15
-0,89
-1,04
-1,1
-0,61
-0,8400001
-0,56
0,32
0,2
-0,00999999
0,59
0,54
0,72
0,8400001
0,46
0,47
0,5
0,45
0
0,2
-0,26
-0,16
0,27
-0,18
0,1
-0,11
-0,16
-0,79
-0,86
-0,51
-0,67
-0,63
-0,45
-0,84
-0,76
-0,89
-0,65
-0,61
-1,06
-0,91
-1,01
-0,66
-0,9900001
-0,31
-0,62
-0,39
-0,24
-0,05000001
-0,42
-0,81
0,18
-0,17
-0,22
-0,18
-0,89
-0,09000003
-0,27
-1,17
-0,6
-0,51
-0,09000002
-0,37
-0,62
-0,5
-0,85
-0,8800001
-0,81
-1,15
-0,8
-1,06
-0,9900001
-1
-1,19
-0,6
-0,59
-0,81
-0,3800001
-0,02000001
-0,16
0,49
0,43
0,49
0,23
0,25
0,21
-0,2
0,18
0,02000001
0,05000001
0,8300001
0,8700001
0,81
0,29
0,35
0,08000001
0,56
0,26
-0,49
-0,67
-0,64
-1,09
-1,5
-0,7600001
-1,17
-0,43
-0,33
0,12
0,08000004
-0,19
0,51
0,8800001
0,65
0,49
0,41
0,55
0,32
0
0,33
0,48
0,55
0,13
0,07
0
-0,13
-0,14
0
-0,09000002
-0,64
-0,68
-0,5600001
-0,47
-0,79
-0,86
-0,43
-0,53
-0,77
-1,16
-0,71
-1,43
-0,96
-0,63
-0,5
-0,4
-0,77
-0,36
-0,38
-0,29
0,18
-0,51
-0,84
0,26
0,22
-0,08000004
-0,01999998
-0,78
-0,26
-0,31
-0,93
-0,74
-0,44
-0,55
-0,44
-0,45
-0,54
-0,82
-0,73
-1,19
-1,18
-1,17
-0,78
-0,63
-1,4
-0,95
-0,66
-0,33
-0,8800001
-0,14
-0,43
0,22
0,54
0,29
-0,27
-0,14
-0,14
0,07999998
0,5
-0,12
0,05000001
0,34
0,63
0,73
0,67
0,33
0,81
0,48
0,11
0,24
-0,7599999
-1,16
-0,8300001
-0,7
-0,91
-0,7600001
-0,63
-0,52
0,16
-0,02999997
0,28
0,01000002
0,1
0,77
0,41
0,64
0,82
0,46
0,02000001
0,29
0,59
0,5700001
-0,13
-0,01
-0,05
0,27
-0,3
-0,02
-0,4
-0,53
-0,26
-0,55
-0,45
-0,82
-0,58
-0,78
-0,75
-0,8700001
-0,9
-0,71
-0,41
-1,13
-0,6800001
-0,97
-0,71
-1,16
-0,66
-0,45
-0,59
-0,28
0,1
-0,5600001
-0,74
0,11
-0,06
-0,44
-0,13
-0,82
-0,36
-0,59
-0,77
-0,62
-0,42
-0,8200001
-0,37
-0,37
-1,05
-1,18
-1,35
-0,91
-1,32
-0,72
-1,04
-1,07
-1,1
-0,68
-0,8500001
-0,36
-0,21
-0,39
-0,28
0,15
0,26
-0,13
-0,04000002
-0,00999999
-0,11
-0,27
0,43
-0,15
0,25
0,06999999
1,28
1,18
0,95
0,5
0,49
0,43
0,3
0,56
-0,12
-0,38
-0,6
-0,58
-0,47
-0,38
-0,43
-0,27
-0,59
0,02000001
0,11
0,52
0,28
0,33
0,58
0,8800001
0,61
0,3
0,42
0,83
0,63
-0,19
-0,11
0,29
0,03
-0,19
-0,21
-0,13
-0,23
-0,1
-0,58
-0,09000002
-0,67
-0,47
-0,5700001
-0,8
-0,46
-0,37
-0,27
-0,5600001
-0,49
-1,04
-1,18
-0,8
-1,16
-1,17
-0,8200001
-0,25
-0,00999999
0,06
-0,12
-0,42
-0,29
-0,24
-0,08
-0,24
-0,5700001
-0,9
-0,31
-0,58
-1,08
-1,2
-0,65
-1,09
-0,61
-1
-0,92
-0,7600001
-1,2
-1,32
-1,37
-1,13
-0,64
-1,12
-1,38
-0,73
-0,81
-0,22
-0,05000001
-0,6
-0,28
0,34
0,48
-0,3
-0,29
-0,46
-0,4
0,17
0,21
0,26
0,06
0,44
1,44
0,91
1,11
0,71
0,8
0,51
0,4
0,14
-0,56
-0,06
-0,55
-0,49
-0,37
-0,2
0,21
-0,08
0,24
0,05000001
0,27
0,25
0,05000001
0,59
0,89
0,67
0,12
0,25
0,6900001
0,75
0,59
0,11
-0,07
0,04
-0,19
-0,01
-0,17
0,25
-0,14
-0,3
-0,34
-0,42
-0,03
-0,5
-0,05000001
-0,22
-0,01
0,06
0,07
-0,4
-0,38
-0,33
-0,68
-0,74
-0,61
-0,79
-0,81
-0,95
-0,59
-0,16
-0,00999999
-0,35
-0,19
0,55
0,14
-0,07999998
0
-0,29
-0,00999999
-0,06999999
-0,33
-0,34
-0,24
-0,36
-0,52
-0,82
-0,63
-0,36
-0,8700001
-0,9900001
-0,82
-0,55
-0,43
-0,71
-0,67
-0,58
-0,11
-0,23
-0,26
0
0,2
0,48
0,53
-0,28
-0,59
-0,59
-0,53
-0,28
-0,03999999
-0,27
0,08000001
0,58
1,27
1,33
0,8200001
0,2600001
0,5
0,8800001
0,37
-0,09999999
-0,46
-0,16
0,21
0,09999999
0,06
0,24
0,06999999
0,21
0,31
0,41
0,03
0,22
0,2600001
0,89
0,93
0,6900001
0,01999998
0,64
0,82
0,36
0,01000002
-0,06
-0,03
-0,3
-0,18
-0,21
0,27
-0,27
-0,04000002
-0,03
-0,18
-0,09000002
-0,3
-0,16
-0,45
-0,25
0,26
-0,17
-0,05
-0,23
-0,66
-0,75
-0,6
-0,46
-1,21
-0,74
-0,8800001
-1,12
-0,2
-0,47
-0,37
-0,14
0,05000001
0,01000002
0,18
-0,11
-0,44
-0,39
-0,33
-0,34
-0,34
-0,5700001
-0,05000001
-0,5600001
-0,31
-0,78
-0,38
-0,49
-1,07
-0,63
-0,78
-0,41
-0,82
-0,75
-0,78
0,16
0,24
0,13
0
-0,03999999
0,37
0,79
0,23
0,43
0,33
-0,04000002
0,15
0,28
0,26
-0,03999999
0,49
0,05000001
1,35
1,49
0,7
0,8
0,8
1,15
1,35
0,17
0,53
0,51
0,55
0,43
-0,3
0,34
0,06999999
0,2
0,48
0,61
0,85
0,63
0,8
0,6
0,79
0,06999999
0,4
0,41
0,01000002
0,03
0,26
-0,07
-0,16
0,17
-0,23
-0,23
-0,27
-0,21
0,04
-0,38
-0,34
-0,02000001
-0,03
-0,47
0,03
0,16
0,23
0,09
0,12
0,28
-0,72
-0,65
-0,51
-0,36
-1,2
-1,35
-0,7600001
-0,7600001
-0,8
-0,8700001
-0,2
-0,52
0,24
0,12
0,2
0
-0,24
-0,52
-0,25
-0,37
-0,6
-0,62
-0,45
-0,64
-0,85
-0,33
-0,54
-0,83
-0,93
-1,17
-0,77
-0,6
-0,61
-1,18
-0,16
0,00999999
0,13
-0,09999999
-0,14
0,22
0,22
0,48
0,59
0,31
0,42
-0,13
0,04000002
0,15
0,53
-0,27
0,09000003
0,45
0,34
1,09
0,58
0,5
0,39
0,43
0,79
0,32
0,09
0,06999999
-0,13
-0,23
0,49
-0,21
0,09
0,51
0,5700001
0,48
0,76
0,75
1,11
0,73
0,3
0,41
0,59
0,44
0,44
0,47
0,23
-0,1
-0,17
-0,06
0,23
-0,02
-0,04
0,09
0,04
0,24
-0,38
-0,3
-0,29
0,14
-0,18
0,15
-0,29
0,21
0,11
0,02
-0,52
-0,78
-0,72
-0,86
-1,34
-0,96
-0,96
-1,3
-1,01
-0,74
-0,4
-0,35
-0,02000001
-0,29
0,09
-0,12
-0,06999999
0,22
-0,77
-0,6900001
-0,48
-0,31
-0,43
-0,8800001
-0,64
-0,75
-0,46
-0,83
-0,9
-0,75
-0,81
-0,53
-0,8800001
-0,48
-0,51
0,09999999
-0,28
-0,21
-0,23
0,59
0,33
0,05000001
0,2
0,17
0,64
0,26
0,01999998
0,29
0,04000002
0,23
0,21
0,08000001
0,67
0,5
0,49
0,07999998
0,55
0,15
0,07999998
-0,59
-0,21
0,17
-0,1
0,03999999
-0,54
-0,17
-0,37
-0,14
0,21
0,89
0,46
0,44
0,45
0,14
0,77
0,37
0,39
0,59
0,28
0,29
-0,17
-0,16
-0,27
0,06
-0,06
-0,29
0,29
0,11
-0,08
0
0,14
0,16
0
-0,24
0,19
0,16
-0,15
0,16
-0,2
0,2
-0,27
-0,45
-0,52
-0,86
-1,13
-1,44
-1,27
-0,97
-0,8800001
-1,08
-0,31
0,25
0,17
-0,21
0,17
-0,06000002
-0,16
-0,47
-0,5
-0,85
-0,47
-0,49
-0,37
-0,7
-0,76
-0,61
-0,46
-0,52
-0,95
-1,19
-0,6900001
-0,07000001
0,18
-0,23
-0,05000001
-0,03
0,06
0,28
0,29
0,17
0,67
0,36
0,09000002
-0,2
0,61
0,18
0,58
-0,09999999
-0,11
0,25
0,02000001
0,02000001
0,06
-0,25
0,06999999
0,52
0,51
-0,13
0,19
-0,53
-0,39
0,15
0,5700001
0,00999999
-0,1
-0,55
-0,53
0,1
-0,16
-0,11
-0,13
0,15
0,13
0,52
0,28
0,07000001
0,31
0,43
0,49
-0,04
0,01
-0,07
-0,11
0
0,28
-0,11
-0,14
0,13
-0,01
-0,28
0,05
-0,11
-0,22
0,22
0,25
0,21
0,08
0,08
-0,11
-0,05
-0,19
-0,43
-0,84
-0,61
-1,43
-1,64
-1,31
-1,07
-1,14
-0,91
-0,9900001
-0,52
-0,32
-0,37
-0,24
-0,02000001
-0,34
-0,33
-0,58
-0,29
-0,12
-0,67
-0,49
-1,09
-0,7600001
-0,62
-0,83
-0,9900001
-0,9400001
-0,84
-0,62
-0,07000001
-0,36
-0,67
-0,46
-0,17
-0,44
-0,09999999
0,22
0,12
0
0,03
-0,23
0,3
0,71
0,27
0,51
0,14
-0,15
0,27
0,25
0,11
-0,54
0,18
0,06
-0,12
-0,54
-0,35
-0,7499999
-0,8200001
-0,51
-0,33
-0,13
-0,00999999
-0,6
-0,32
0,13
-0,25
-0,22
-0,38
-0,49
-0,24
0,03999999
0,2
0,01000002
0,15
0,16
0,1
0
-0,14
-0,23
0,22
-0,25
0,29
-0,2
-0,13
0,17
0,06
0,16
-0,04
0,07
-0,09
-0,26
-0,16
-0,28
-0,28
0,15
-0,23
0,29
-0,17
-0,17
-0,15
-1,14
-0,97
-1,65
-1,61
-1,44
-1,35
-1,03
-1,29
-1,49
-0,05000001
-0,36
-0,02000001
-0,29
-0,13
-0,39
-0,12
-0,41
-0,47
-0,2
-0,53
-0,42
-0,48
-0,75
-0,7
-0,89
-0,7
-0,73
-0,62
-0,6
-0,81
-0,79
-1,03
-0,8800001
-0,6900001
-0,14
-0,18
-0,16
-0,09000003
-0,19
-0,29
-0,11
0,25
0,24
0,41
0,26
-0,24
0,13
-0,15
0,09999999
-0,02999997
-0,12
0,16
0,02000001
0,06
-0,34
-0,06
-0,82
-0,36
-0,72
-0,74
-0,62
-0,12
-0,4
-0,08000001
-0,16
-0,53
-0,65
-0,81
-0,59
0,09
-0,26
0,27
0,00999999
-0,21
0,18
0,23
0,17
0,03
-0,07
0,24
0,07
0,01
-0,13
0,02
0,21
-0,05
0,14
0,26
0,24
0,21
0,04
0,19
0,02
-0,05
-0,28
-0,3
0,04
0,01
0,27
-0,41
-0,8
-0,8700001
-1,66
-1,8
-0,97
-1,3
-1,36
-1,28
-1,33
-0,8700001
-0,54
-0,26
-0,29
-0,37
-0,21
-0,33
-0,6
-0,43
-0,59
-0,41
-0,38
-0,31
-0,46
-1,11
-1,15
-1,06
-0,65
-0,84
-0,83
-0,72
-1,01
-1,05
-0,84
-0,5700001
-0,46
-0,5700001
-0,44
-0,74
-0,21
-0,3
-0,2
0,22
0,09
0,21
0,15
0,29
-0,13
-0,22
0,15
-0,85
-0,61
-0,74
-0,6
-0,52
-0,33
-0,8
-0,12
-0,55
-0,05000001
-0,22
-0,05000001
-0,53
-0,45
-0,31
-0,77
-0,4
-0,33
-0,03
-0,51
0,05000001
0,09999999
-0,17
0,07999998
0,00999999
-0,52
-0,3
0,2
0,23
-0,07
-0,24
0,26
-0,14
-0,1
-0,28
0,18
-0,28
0,15
0,28
-0,24
-0,27
0,14
-0,2
-0,09
-0,29
0,05
-0,28
-0,24
0,09
-0,23
-0,06000002
-0,89
-1
-1,21
-1,4
-1,26
-1,34
-1,12
-0,92
-1,21
-0,93
-1
-0,35
-0,18
-0,12
-0,49
-0,52
-0,43
-0,47
-0,49
-0,8
-0,85
-0,31
-0,4
-0,85
-0,09000003
-0,3
-0,39
-0,53
-0,35
-0,85
-0,67
-0,8
-0,45
-0,62
-0,56
-0,24
-0,73
-0,8
0,08
0,02000001
0,24
0,16
-0,02000001
0,09
0,12
-0,11
0,28
0,33
-0,41
-0,34
-0,75
-0,3800001
-0,92
-0,64
-0,71
-1,18
-0,91
-0,97
-1,01
-0,67
-0,66
-0,89
-0,5700001
-0,36
-0,5700001
-0,8
-0,51
-0,47
0,14
-0,25
-0,09
0,06
0,05000001
-0,22
-0,14
-0,42
0,01
-0,19
-0,07
0,01
-0,29
-0,12
-0,13
0,29
0,19
-0,29
0,11
0,18
0,09
-0,28
-0,24
-0,07
0,21
0,14
-0,23
-0,07
0,13
-0,27
-0,25
-0,28
-0,21
-0,75
-1,02
-1,36
-1,16
-1,11
-1,34
-1,01
-1,4
-0,6
-0,9
-1,02
-0,6
-0,43
-0,39
-0,85
-0,47
-0,86
-0,5600001
-0,58
-0,62
-0,39
-0,5700001
-0,18
-0,02000001
-0,02000001
-0,46
-0,39
-0,3
-0,37
-0,5600001
-0,63
-0,85
-0,4
-0,08000001
-0,44
-0,6
-0,58
-0,06
0,1
0,14
0,21
0,08
-0,22
0,00999999
0,18
0,53
-0,26
-0,3800001
-0,8800001
-0,51
-0,81
-0,61
-0,5700001
-1,17
-0,72
-0,79
-1,44
-1,34
-1,14
-0,96
-0,95
-0,72
-0,43
-0,35
-1,17
-0,48
0,09
0,24
-0,26
0,05000001
0,11
-0,2
-0,36
-0,13
-0,24
-0,47
-0,06
-0,2
-0,2
-0,26
0,1
0,28
-0,02
0,13
0,25
0,28
0,01
0,17
-0,26
-0,25
-0,07
0,16
0,17
-0,15
-0,11
0,03
0,21
-0,18
-0,33
-0,25
-0,76
-1,41
-1,03
-1,23
-0,92
-0,91
-1,46
-1,04
-0,64
-0,8600001
-1,04
-0,64
-0,85
-0,58
-0,76
-0,64
-0,4
-0,8700001
-0,9
-0,85
-0,5
-0,09000003
-0,1
-0,01000002
-0,49
0,24
-0,08000001
-0,51
-0,32
-0,8700001
-0,68
-0,79
-0,48
-0,55
-0,1
-0,3
-0,2
0,00999999
0,15
0,26
-0,06999999
0,15
-0,09999999
-0,00999999
0,48
0,27
0,11
-0,46
-0,9
-0,6800001
-0,48
-0,43
-1,08
-0,68
-0,36
-0,98
-1,02
-0,72
-1,05
-1,16
-0,84
-0,35
-0,73
-0,68
-0,48
-0,56
-0,47
-0,3
-0,18
-0,47
-0,75
-0,11
-0,43
-0,56
-0,49
-0,05000001
-0,3
-0,09
-0,19
0,14
-0,17
0,07
-0,22
0,05
-0,09
0,04
0,29
-0,11
0,1
-0,03
-0,19
-0,08
0,15
0,11
0,19
0,28
-0,03
0,28
-0,14
-0,17
-0,77
-1,1
-1,18
-1,33
-1,14
-0,97
-1,5
-1,72
-1,1
-0,62
-0,6900001
-0,63
-0,83
-0,59
-0,39
-0,62
-0,44
-0,48
-0,89
-0,52
-0,55
-0,06999999
-0,11
-0,16
0,00999999
0,22
-0,26
-0,24
-0,46
-0,77
-0,63
-0,58
-0,56
-0,33
-0,3
-0,58
0,05000001
0,21
0,29
-0,32
-0,26
0,2
0,09000002
0,41
0,65
0,14
0,15
-0,17
-0,1
-0,6900001
-0,78
-0,15
-0,34
-0,53
-0,52
-1
-0,9900001
-1,02
-0,75
-0,46
-0,41
-0,37
-0,36
-0,33
-0,29
-0,42
-0,08000004
-0,81
-0,89
-0,42
-0,67
-0,35
-0,18
-0,27
-0,26
-0,46
-0,16
-0,23
0,08
-0,13
-0,23
0,2
0,15
0,23
-0,29
0,12
0,06
-0,03
0,19
-0,21
0,1
0,17
-0,24
-0,15
0,08
-0,2
0,26
-0,19
-0,2
-0,14
-0,6900001
-0,84
-1,08
-1,49
-1,23
-1,34
-1,48
-1,27
-0,8700001
-0,67
-0,55
-0,77
-0,51
-0,63
-0,24
-0,02000001
-0,52
-0,59
-0,04000002
-0,12
0,42
0,25
0,2
0,51
0,08000001
0,36
0,48
0,27
0,24
-0,06
-0,12
0,02000001
0,27
-0,07999998
0,55
0,3
0,37
0,14
0,25
0,14
0,39
0,13
0,23
0,55
0,33
-0,03
-0,23
-0,22
-0,52
-0,51
-0,8800001
-0,35
-0,76
-0,6900001
-0,8600001
-0,64
-1,05
-1
-0,37
-0,7
-0,62
-0,5600001
-0,62
-0,21
-0,55
-0,8700001
-0,75
-0,73
-0,59
-0,84
-0,6900001
-0,67
-0,85
-0,48
-0,51
-0,31
-0,59
0,25
-0,12
0,1
-0,02
-0,21
0,19
-0,16
-0,08
-0,08
-0,12
0,05
0,17
0,29
-0,15
-0,13
0,2
0,04
-0,15
-0,26
0,14
0,14
-0,11
0
-0,49
-0,4
-1,14
-0,8800001
-1,32
-1,12
-1,01
-0,8800001
-0,78
-0,85
-0,36
-0,7
-0,8800001
-0,78
-0,38
-0,72
0,14
-0,17
-0,13
0,12
0,44
0,4
0,29
0,32
0,5
0,03
0,32
0,31
0,86
0,04000002
0,44
0,17
0,65
0,77
0,58
0,37
0,02000001
0,17
0,55
0,73
0,63
0,45
0,83
0,72
-0,26
-0,05000001
-0,46
-0,23
-0,48
-0,33
-0,71
-1,2
-0,63
-0,83
-0,75
-0,89
-0,9900001
-0,8600001
-0,49
-0,75
-0,85
-0,72
-0,85
-0,83
-0,7
-0,54
-0,45
-0,75
-0,46
-0,76
-0,75
-0,63
-0,72
-0,27
-0,51
-0,31
-0,44
0,16
-0,02
0,25
0,18
0,24
0,18
0,29
0,14
-0,17
0,2
0,27
-0,29
0,27
-0,14
-0,02
0,06
0,1
0,08
-0,15
-0,21
-0,15
-0,08
-0,33
-0,8
-0,31
-0,37
-0,93
-1,09
-0,9800001
-1,08
-0,37
-0,62
-0,74
-0,75
-0,5600001
-0,85
-0,44
-0,64
-0,5
-0,31
-0,54
-0,06999999
-0,24
0,16
0,47
0,13
0,46
0,8800001
0,76
0,81
0,97
0,85
0,84
0,49
0,3
0,54
0,3
0,14
0,19
0,01000002
0,21
0,17
0,81
0,61
0,8700001
0,59
0,15
0,12
0,11
-0,06999999
-0,11
-0,46
-0,33
-0,45
-1,17
-0,9800001
-1,35
-1,09
-1,27
-1,04
-1,14
-0,91
-0,65
-1,19
-0,85
-0,63
-0,5600001
-0,34
-0,76
-0,8
-0,85
-0,89
-0,53
-0,81
-0,82
-0,42
-0,29
-0,55
-0,11
-0,43
-0,03
-0,26
-0,13
-0,07
-0,29
-0,08
-0,02
-0,22
-0,14
-0,22
-0,22
-0,11
-0,09
-0,28
0,24
0,22
-0,08
0,2
-0,04
0,29
-0,05000001
-0,11
-0,33
-0,6
-0,73
-0,43
-0,53
-0,73
-0,83
-1,06
-0,6900001
-0,8
-0,38
-0,85
-0,72
-0,8800001
-0,79
-0,29
-0,6
-0,48
-0,31
-0,35
-0,21
-0,25
0,01000002
0,76
0,7
0,64
0,45
0,75
0,8600001
0,71
0,68
0,79
0,51
0,68
0,06
0,16
-0,25
0,13
0,45
0,7
0,9
0,32
0,47
0,28
0,26
0,15
0,13
0,22
-0,2
-0,1
-0,11
-0,77
-0,91
-0,9
-1,11
-0,6900001
-0,91
-0,89
-1,13
-1,18
-1,18
-0,9900001
-0,73
-0,81
-0,58
-0,8800001
-0,46
-0,51
-0,65
-0,65
-0,64
-0,44
-0,64
-0,41
-0,06000002
-0,23
-0,42
-0,5700001
-0,11
-0,06
0,2
-0,07
0,05
0,06
0,21
-0,06
-0,1
0,21
-0,01
-0,16
-0,13
0,03
-0,25
0,12
-0,23
-0,21
-0,15
-0,53
-0,34
-0,36
-0,29
-0,86
-0,64
-0,75
-0,66
-0,8700001
-0,43
-0,81
-0,55
-0,58
-0,8700001
-0,65
-0,78
-0,47
-0,78
-0,22
-0,14
-0,19
0,18
-0,23
0,12
0,22
-0,2
-0,2
0,07000001
0,82
0,7
1,04
0,71
0,75
0,52
0,11
0,37
0,24
0,22
0,16
0,26
0,5
0,72
0,77
0,37
0,1
-0,14
0,5700001
0,11
0,51
0,21
-0,38
-0,3
-0,31
-0,67
-1,17
-1,02
-1,02
-0,78
-0,81
-0,37
-0,44
-0,83
-0,59
-0,68
-0,8800001
-0,32
-0,71
-1,1
-0,39
-0,42
-0,73
-0,4
-0,65
-0,48
-0,65
-0,01000002
-0,6
-0,31
-0,29
-0,24
-0,18
0,28
-0,14
0,01
-0,12
-0,17
0,12
-0,08
-0,12
0,23
-0,12
-0,18
-0,17
0,22
0,09
-0,18
0,1
-0,05
0,04
-0,48
-0,34
-0,13
-0,4
-0,58
-0,5700001
-0,59
-0,86
-0,44
-0,33
-0,86
-0,43
-0,11
-0,8
-0,8700001
-0,5
-0,72
-0,1
-0,01000002
-0,27
0,18
-0,15
-0,03
0,21
0,28
0
-0,25
0,06999999
0,32
0,02000001
0,13
0,48
0,65
0,24
-0,11
0,09000002
-0,05000001
-0,22
-0,17
-0,01999998
0,47
0,39
0,55
0,25
0,14
0,05000001
0,29
0,01000002
0,09000002
0,11
0,21
-0,39
-0,19
-0,6900001
-0,74
-0,64
-0,62
-0,65
-0,6900001
-0,58
-0,32
-0,37
-0,29
-0,16
-0,17
-0,15
-0,18
-0,06000002
-0,09000002
-0,07000001
-0,45
-0,21
-0,23
-0,3
-0,44
-0,21
-0,41
-0,58
-0,23
-0,38
-0,3
-0,27
-0,02
-0,1
0,1
0,21
0,07
-0,17
-0,22
-0,08
-0,19
-0,01
-0,14
0,11
0
0,23
0,07
-0,19
0,11
-0,02
-0,07000001
-0,26
-0,5
-0,44
-0,04000002
-0,19
-0,16
-0,8
-0,86
-0,84
-0,24
-0,04000002
-0,42
-0,02000001
-0,29
-0,06000002
-0,35
-0,49
-0,5700001
-0,08000001
-0,22
-0,02000001
0,15
-0,02000001
0,12
0,15
-0,06999999
0,55
0
0,23
0,02000001
-0,22
0,21
-0,22
-0,00999999
-0,05000001
0,22
0,11
0,24
0,59
0,06
0,2600001
0,08000001
0,02000001
0,16
0,14
0,11
0,18
0,09000002
0,35
-0,03
-0,03999999
-0,83
-0,72
-1
-0,96
-0,72
-0,49
-0,5700001
-0,79
-0,72
-0,42
-0,8
-0,49
-0,5700001
-0,33
-0,25
-0,5
-0,62
-0,54
-0,59
-0,47
-0,14
-0,56
-0,14
-0,19
-0,41
-0,17
-0,18
-0,03
0,03
-0,26
0,16
-0,06
0,25
0,06
-0,29
0,02
0,17
-0,26
0,06
-0,19
0,08
-0,17
0,1
-0,13
-0,14
-0,03
0,28
-0,12
-0,21
-0,59
-0,11
-0,5700001
-0,26
-0,46
-0,21
-0,58
-0,58
-0,21
-0,56
-0,25
0,29
-0,24
0,07
-0,47
-0,58
-0,15
-0,15
-0,33
-0,34
-0,28
-0,07999998
-0,06
-0,00999999
0,2
0,35
0,33
-0,06
-0,02000001
-0,05000001
0,22
0,14
0,24
0,48
0,32
0,45
0,43
0,19
0,4
0,5700001
0,59
0
-0,22
0,59
0,31
0,11
0,32
0,35
-0,03999999
-0,15
-0,3
-0,49
-0,89
-0,6800001
-0,84
-0,51
-0,65
-0,5600001
-0,47
-0,51
-0,85
-0,52
-0,5700001
-0,77
-0,48
-0,4
-0,55
-0,73
-0,86
-0,02000001
-0,42
-0,04000002
-0,56
-0,31
-0,33
-0,28
-0,47
-0,06
0,27
0,08
-0,27
0,27
0,27
-0,17
0,24
-0,19
-0,17
0,02
-0,19
0,23
0,2
-0,21
-0,24
-0,29
0,21
-0,1
0,26
0,24
0,17
-0,49
-0,24
-0,46
-0,3
-0,32
-0,04000002
-0,26
-0,24
-0,59
-0,06
-0,26
-0,05
-0,3
0,06
-0,25
0,05
-0,23
-0,2
-0,4
-0,42
-0,59
-0,53
-0,58
-0,54
-0,49
-0,53
0,09000002
0,49
0,02000001
0,38
0,06000002
0,35
0,18
0,36
0,46
-0,29
0,49
0,2600001
0,59
0,16
-0,09999999
0,03999999
-0,19
0,07000001
0,06000002
0,28
0,49
0,32
-0,29
-0,34
-0,17
-0,5
-0,54
-0,55
-0,44
-0,8700001
-0,5600001
-0,82
-0,71
-0,7
-0,43
-0,16
-0,5700001
-0,67
-0,72
-0,61
-0,54
-0,66
-0,4
-0,8700001
-0,14
-0,19
-0,49
-0,5700001
-0,02000001
-0,34
-0,05000001
0,25
0,29
0,13
-0,12
0,06
0,18
0,06
0,24
-0,05
0,29
0,12
0,2
0,12
-0,03
0,1
-0,23
-0,22
-0,01
0,05
-0,29
0,18
0,18
0,07
-0,09
-0,35
-0,18
-0,03
-0,21
-0,58
-0,31
0,03
0,07
-0,11
-0,23
0,08
-0,22
0,06
-0,28
-0,2
0,25
0,26
-0,02
-0,08000001
-0,3
-0,37
-0,27
-0,53
-0,25
-0,25
0,34
0,02000001
0,33
0,22
0,25
0,07000001
0,06000002
0,21
0,21
0,53
0,84
0,5
0,56
0,52
0,56
0,25
0,05000001
0,3
0,34
0,49
0,32
0
-0,54
-0,42
-0,5
-0,86
-0,41
-0,04000002
-0,53
-0,33
-0,39
-0,5600001
-0,68
-0,5600001
-0,32
-0,34
-0,31
-0,76
-0,36
-0,9
-0,58
-0,44
-0,75
-0,82
-0,74
-0,56
-0,01000002
-0,25
-0,04000002
-0,56
-0,12
-0,28
0,02
0,15
0,03
-0,27
0,26
-0,15
0,12
-0,1
0,17
-0,2
-0,16
-0,07
-0,29
-0,11
-0,02
-0,08
-0,06
0
-0,04
0,2
0,06
0,04
-0,13
0,15
-0,45
-0,03
-0,58
0,05
-0,26
0,14
0,29
-0,27
0,09
0,18
-0,28
0,06
-0,3
-0,06
-0,01
0,14
0,02
0,03
-0,18
-0,39
-0,28
-0,09000002
-0,23
0,27
0,06
0,37
0,11
0,26
0,37
0,27
0,26
0,5700001
-0,02000001
0,17
0,18
0,59
0,13
0,06000002
0,15
0,03
0,1
0,1
0,44
0,13
-0,44
-0,09000002
-0,39
-0,9
-0,6
-0,18
-0,43
-0,58
-0,38
-0,05000001
-0,47
-0,67
-0,4
-0,56
-0,01000002
-0,33
-0,27
-0,5700001
-0,65
-0,79
-0,68
-0,56
-0,83
-0,77
-0,55
-0,3
-0,29
-0,35
-0,12
-0,22
-0,2
-0,09
-0,23
0,23
0,1
0,14
-0,15
-0,2
-0,04
0,25
-0,21
-0,07
0,05
0,03
0,04
-0,05
-0,21
-0,22
-0,23
0,18
0
0,07
0,15
0,02
0,2
-0,18
0,14
-0,22
-0,06
-0,01
-0,2
0,22
0,14
-0,17
0,14
0,22
-0,14
0,26
-0,07
-0,16
-0,18
-0,08
-0,23
0
-0,29
0,29
-0,01
0,04
0,09
-0,2
-0,09
-0,07999998
0,17
0,29
0,37
0,33
0,05000001
0,03999999
-0,27
-0,02000001
-0,3
-0,24
0,46
0,56
0,44
0,17
0,38
0,21
0,18
-0,19
-0,52
-0,18
-0,15
-0,08000001
-0,25
-0,52
-0,31
-0,45
-0,29
-0,09000002
-0,17
-0,51
-0,31
-0,47
-0,52
-0,12
-0,26
-0,76
-0,54
-0,8
-0,74
-0,19
-0,08000001
-0,36
-0,76
-0,85
-0,24
-0,2
0,15
0,13
-0,1
-0,23
0,16
0,27
-0,29
-0,22
0,07
-0,05
0,23
-0,01
-0,27
-0,1
-0,27
-0,18
0,15
0,2
0,07
0,02
0,18
0,26
0,13
-0,07
0,15
0,07
-0,05
-0,03
-0,1
0,2
0,08
0
0,02
-0,11
-0,01
0,17
0
0,05
-0,07
0,01
-0,19
0,29
-0,19
-0,21
-0,09
-0,24
-0,23
0,25
0,08
0,1
0,09000002
0,23
0,27
-0,27
-0,07999998
0,19
-0,3
0,26
-0,07999998
-0,22
0,00999999
0,03999999
0,18
0,16
0,16
-0,06999999
0,27
0,14
-0,1
-0,45
0,11
-0,21
-0,03
-0,54
-0,4
-0,11
-0,15
-0,27
-0,58
-0,22
-0,3
-0,3
-0,12
0,09
0,11
-0,45
-0,5700001
-0,32
-0,04000002
-0,2
-0,44
-0,5600001
-0,47
-0,46
-0,6
-0,23
-0,49
-0,36
-0,08
0,27
-0,21
-0,08
-0,26
-0,08
0,29
0,29
0,25
-0,09
0,13
0,03
-0,27
-0,04
0,24
0,13
0,07
-0,29
0,15
-0,22
-0,25
0,01
-0,11
-0,02
0,17
-0,2
-0,02
-0,23
0,26
-0,18
-0,24
0,13
0,07
-0,09
-0,19
-0,26
-0,02
-0,22
-0,05
-0,04
0,1
0,11
-0,11
0,12
0,15
-0,07
0,06
-0,1
0,1
-0,01
0,06
0,28
0,51
0,02000001
0,18
0,51
0,38
0,41
0,34
0,54
0,53
0,52
0,03
0,43
0,14
0,59
0,55
0,12
-0,15
0,19
-0,15
-0,01
0,05
-0,11
-0,32
-0,36
-0,49
-0,23
-0,18
-0,36
-0,27
-0,52
-0,34
-0,33
0,05
-0,23
0,21
0,05
-0,27
-0,41
-0,34
-0,13
-0,5700001
-0,29
-0,28
-0,12
-0,22
-0,24
-0,33
-0,15
-0,32
0,24
-0,26
0,2
-0,16
-0,23
-0,07
0,02
0,04
0,23
0,09
-0,3
0,28
-0,21
-0,09
0,15
-0,05
0,05
-0,23
-0,23
-0,22
-0,11
0,09
0,26
-0,08
-0,03
0,25
-0,26
0,16
0,09
0,16
0,05
-0,2
0,27
0,25
0,09
-0,27
0,06
-0,17
-0,02
0,13
-0,11
-0,29
-0,21
0,09
-0,04
0,18
-0,07
-0,21
0,17
-0,07
-0,28
-0,01
0,19
0,37
0,08000001
0,14
0,08000001
0,28
0,46
0,11
0,19
0,45
0,54
0,07000001
-0,26
0,19
-0,29
-0,16
0,12
0,11
0,19
-0,08
0,08
-0,37
-0,12
-0,42
-0,3
-0,44
-0,04000002
-0,21
-0,29
-0,06000002
0,29
-0,14
0,13
-0,24
0,2
-0,11
0,17
-0,06
0,25
-0,23
-0,34
-0,43
-0,36
-0,26
-0,53
-0,59
-0,25
-0,24
-0,13
-0,21
-0,03
-0,25
0,03
0,09
0,2
0,25
0,18
0,2
0,14
0,22
0,01
-0,23
0,09
-0,06
0,15
0,07
-0,07
0,27
0,29
0,11
-0,04
-0,13
0,16
0,11
0,26
-0,09
0,29
-0,16
-0,19
-0,02
0,11
-0,1
0,22
-0,09
-0,04
0,24
0,12
-0,26
-0,14
0,24
0,01
0,26
0,1
-0,28
0,06
-0,11
0,07
0,29
0,19
-0,01
0,08
0,37
0,36
0,05000001
0,13
-0,2
-0,12
0,22
0,13
-0,02
0,26
0,03
0,09
-0,15
-0,19
-0,19
-0,16
-0,13
0,28
0,21
0,24
-0,41
-0,19
-0,56
-0,5
-0,3
-0,24
-0,17
-0,56
0,06
0,14
0,29
-0,05
0,11
0,2
-0,27
0,13
0,17
0,08
-0,15
-0,25
-0,1
-0,4
-0,13
-0,03
-0,03
-0,43
-0,36
-0,09000002
-0,05
-0,26
-0,11
-0,29
0,28
0,05
-0,12
0,25
0,02
0,24
-0,18
0,03
0,05
0,17
-0,24
0,13
0,27
-0,22
0,27
-0,05
-0,23
-0,03
-0,03
0,08
0,12
-0,15
-0,26
0,28
0,23
-0,24
-0,17
-0,18
-0,19
0,22
0,09
0,01
-0,06
0,28
-0,03
-0,24
0,01
-0,22
-0,2
0,22
-0,04
0,12
-0,3
-0,28
-0,16
-0,27
-0,3
0,18
-0,11
0,29
0,14
0,27
0,06
0,1
-0,12
0,12
0,01
-0,11
-0,29
-0,05
0,11
-0,3
-0,08
0,13
-0,22
0,04
-0,11
0,28
-0,19
-0,09000002
-0,07000001
-0,02000001
-0,44
-0,25
-0,48
-0,3
-0,15
-0,29
0,14
0,19
-0,25
-0,06
0,22
-0,19
-0,23
0,11
0,25
0,13
-0,21
-0,16
-0,25
-0,49
-0,54
-0,15
-0,5
-0,35
-0,41
-0,43
-0,07000001
0,09
0,14
-0,29
-0,23
-0,02
-0,24
0,15
0,11
-0,29
-0,02
-0,12
-0,04
-0,01
0,05
-0,19
-0,11
-0,14
-0,23
-0,2
0,05
-0,04
0,09
0,05
-0,12
0,26
-0,14
0,11
0,22
0,01
-0,06
0,17
0,1
0,28
-0,23
-0,26
-0,26
-0,27
-0,13
-0,06
-0,25
-0,08
-0,3
0,23
-0,15
-0,09
-0,13
-0,25
0,06
0,24
-0,05
0,23
-0,12
-0,21
0,11
-0,03
0,29
-0,21
0,12
-0,2
-0,18
-0,06
0,23
-0,21
0,06
0,1
0,07
-0,02
-0,09
0
-0,24
-0,45
-0,01000002
-0,18
-0,56
-0,47
-0,04
0,15
-0,11
0,27
0,08
-0,2
-0,25
0,27
-0,24
0
-0,02
0,01
-0,14
0,1
-0,26
-0,05000001
-0,39
-0,54
-0,48
-0,19
-0,32
-0,1
-0,43
-0,25
-0,16
-0,11
0,14
-0,25
0,17
-0,21
0,24
0,05
-0,25
-0,02
-0,3
